15-Feb-2025 00:00:01	31.4784	2.6597	NaN	0.5790	0.5840	46.0000	28.4899	NaN	NaN
15-Feb-2025 00:15:00	31.4327	2.4460	NaN	0.5670	0.5720	46.0104	28.2804	NaN	NaN
15-Feb-2025 00:30:01	31.3300	2.3270	NaN	0.5480	0.5530	46.0208	28.1011	NaN	NaN
15-Feb-2025 00:45:01	31.1625	2.4558	NaN	0.5260	0.5300	46.0313	28.0676	NaN	NaN
15-Feb-2025 01:00:00	31.2684	2.2585	NaN	0.4980	0.5020	46.0417	27.9962	NaN	NaN
15-Feb-2025 01:15:01	31.1653	2.2953	NaN	0.4720	0.4760	46.0521	27.9417	NaN	NaN
15-Feb-2025 01:30:01	31.2195	2.0672	NaN	0.4490	0.4530	46.0625	27.8040	NaN	NaN
15-Feb-2025 01:45:00	31.2684	2.0138	NaN	0.4190	0.4220	46.0729	27.8009	NaN	NaN
15-Feb-2025 02:00:01	31.1909	2.0564	NaN	0.3850	0.3880	46.0833	27.7722	NaN	NaN
15-Feb-2025 02:15:01	31.1285	2.0816	NaN	0.3520	0.3550	46.0938	27.7418	NaN	NaN
15-Feb-2025 02:30:00	31.2979	1.8934	NaN	0.3220	0.3250	46.1042	27.7286	NaN	NaN
15-Feb-2025 02:45:01	31.2435	1.9048	NaN	0.2960	0.2980	46.1146	27.6940	NaN	NaN
15-Feb-2025 03:00:01	31.2209	1.7690	NaN	0.2720	0.2750	46.1250	27.5678	NaN	NaN
15-Feb-2025 03:15:00	30.8179	1.8094	NaN	0.2500	0.2520	46.1354	27.2763	NaN	NaN
15-Feb-2025 03:30:01	30.6833	1.5162	NaN	0.2310	0.2330	46.1458	26.9390	NaN	NaN
15-Feb-2025 03:45:01	18.4995	-2.9292	NaN	0.2240	0.2250	46.1563	14.7965	NaN	NaN
15-Feb-2025 04:00:00	17.6783	-3.8323	NaN	0.2180	0.2190	46.1667	13.7805	NaN	NaN
15-Feb-2025 04:15:01	17.8763	-4.1774	NaN	0.2070	0.2090	46.1771	13.7668	NaN	NaN
15-Feb-2025 04:30:01	16.1917	-4.2839	NaN	0.2010	0.2020	46.1875	12.5174	NaN	NaN
15-Feb-2025 04:45:00	0.2912	-4.1738	NaN	0.2020	0.2040	46.1979	0.2816	NaN	NaN
15-Feb-2025 05:00:01	0.1092	-4.2016	NaN	0.1910	0.1920	46.2083	0.1115	NaN	NaN
15-Feb-2025 05:15:01	0.0908	-4.1351	NaN	0.2020	0.2030	46.2188	0.0942	NaN	NaN
15-Feb-2025 05:30:00	0.0823	-4.1089	NaN	0.1880	0.1900	46.2292	0.0862	NaN	NaN
15-Feb-2025 05:45:01	0.1532	-3.9065	NaN	0.1880	0.1890	46.2396	0.1545	NaN	NaN
15-Feb-2025 06:00:01	14.7715	-4.0427	NaN	0.1950	0.1970	46.2500	11.5880	NaN	NaN
15-Feb-2025 06:15:00	14.9836	-3.5658	NaN	0.1990	0.2000	46.2604	11.9269	NaN	NaN
15-Feb-2025 06:30:01	17.0686	-3.8339	NaN	0.2070	0.2080	46.2708	13.3394	NaN	NaN
15-Feb-2025 06:45:01	28.6008	0.9074	NaN	0.2280	0.2290	46.2813	24.8256	NaN	NaN
15-Feb-2025 07:00:00	30.3496	1.5647	NaN	0.2540	0.2560	46.2917	26.7101	NaN	NaN
15-Feb-2025 07:15:01	30.4979	1.4999	NaN	0.2860	0.2890	46.3021	26.7784	NaN	NaN
15-Feb-2025 07:30:01	31.1054	1.0524	NaN	0.3180	0.3200	46.3125	26.9102	NaN	NaN
15-Feb-2025 07:45:00	30.7950	1.0874	NaN	0.3450	0.3480	46.3229	26.6933	NaN	NaN
15-Feb-2025 08:00:01	30.6334	1.1689	NaN	0.3670	0.3700	46.3333	26.6292	NaN	NaN
15-Feb-2025 08:15:01	30.7373	1.1431	NaN	0.3960	0.3990	46.3438	26.6912	NaN	NaN
15-Feb-2025 08:30:00	30.3454	1.4832	NaN	0.4220	0.4260	46.3542	26.6439	NaN	NaN
15-Feb-2025 08:45:01	30.7323	1.6601	NaN	0.4480	0.4520	46.3646	27.0906	NaN	NaN
15-Feb-2025 09:00:01	31.1976	1.9773	NaN	0.4620	0.4660	46.3750	27.7147	NaN	NaN
15-Feb-2025 09:15:00	31.3623	2.0807	NaN	0.4830	0.4860	46.3854	27.9302	NaN	NaN
15-Feb-2025 09:30:01	31.5602	2.3313	NaN	0.5020	0.5060	46.3958	28.2918	NaN	NaN
15-Feb-2025 09:45:01	31.5071	2.4194	NaN	0.5180	0.5220	46.4063	28.3196	NaN	NaN
15-Feb-2025 10:00:00	31.6043	2.7738	NaN	0.5390	0.5430	46.4167	28.6857	NaN	NaN
15-Feb-2025 10:15:01	31.6069	2.8614	NaN	0.5570	0.5610	46.4271	28.7590	NaN	NaN
15-Feb-2025 10:30:01	32.0328	3.4019	NaN	0.5790	0.5830	46.4375	29.5550	NaN	NaN
15-Feb-2025 10:45:00	32.0269	3.4401	NaN	0.5900	0.5950	46.4479	29.5816	NaN	NaN
15-Feb-2025 11:00:01	32.0354	3.4781	NaN	0.6040	0.6090	46.4583	29.6201	NaN	NaN
15-Feb-2025 11:15:01	32.0417	3.5039	NaN	0.6160	0.6210	46.4688	29.6467	NaN	NaN
15-Feb-2025 11:30:00	32.0374	3.5097	NaN	0.6170	0.6210	46.4792	29.6479	NaN	NaN
15-Feb-2025 11:45:01	32.0320	3.5674	NaN	0.6160	0.6210	46.4896	29.6911	NaN	NaN
15-Feb-2025 12:00:01	32.0393	3.5771	NaN	0.6080	0.6130	46.5000	29.7053	NaN	NaN
15-Feb-2025 12:15:00	31.9740	3.2255	NaN	0.5880	0.5930	46.5104	29.3605	NaN	NaN
15-Feb-2025 12:30:01	31.6759	3.3655	NaN	0.5690	0.5730	46.5208	29.2269	NaN	NaN
15-Feb-2025 12:45:01	31.6352	3.3691	NaN	0.5470	0.5510	46.5313	29.1957	NaN	NaN
15-Feb-2025 13:00:00	31.6939	3.0526	NaN	0.5240	0.5280	46.5417	28.9864	NaN	NaN
15-Feb-2025 13:15:01	31.4523	3.0075	NaN	0.4970	0.5010	46.5521	28.7495	NaN	NaN
15-Feb-2025 13:30:01	31.5116	3.0642	NaN	0.4700	0.4740	46.5625	28.8447	NaN	NaN
15-Feb-2025 13:45:00	31.4940	3.0016	NaN	0.4400	0.4440	46.5729	28.7793	NaN	NaN
15-Feb-2025 14:00:01	31.4734	3.0224	NaN	0.4140	0.4170	46.5833	28.7790	NaN	NaN
15-Feb-2025 14:15:01	31.4553	3.0736	NaN	0.3830	0.3860	46.5938	28.8056	NaN	NaN
15-Feb-2025 14:30:00	31.4629	3.0794	NaN	0.3540	0.3570	46.6042	28.8165	NaN	NaN
15-Feb-2025 14:45:01	31.5136	3.0375	NaN	0.3280	0.3310	46.6146	28.8246	NaN	NaN
15-Feb-2025 15:00:01	31.5049	3.0205	NaN	0.3030	0.3050	46.6250	28.8036	NaN	NaN
15-Feb-2025 15:15:00	31.4886	2.9852	NaN	0.2740	0.2760	46.6354	28.7615	NaN	NaN
15-Feb-2025 15:30:01	31.4699	2.9609	NaN	0.2520	0.2540	46.6458	28.7263	NaN	NaN
15-Feb-2025 15:45:01	31.5013	2.8853	NaN	0.2250	0.2270	46.6563	28.6910	NaN	NaN
15-Feb-2025 16:00:00	31.4124	2.8465	NaN	0.2030	0.2040	46.6667	28.5863	NaN	NaN
15-Feb-2025 16:15:01	31.3333	2.8045	NaN	0.1790	0.1800	46.6771	28.4871	NaN	NaN
15-Feb-2025 16:30:01	31.3381	2.7529	NaN	0.1610	0.1630	46.6875	28.4496	NaN	NaN
15-Feb-2025 16:45:00	31.3857	2.6657	NaN	0.1490	0.1500	46.6979	28.4185	NaN	NaN
15-Feb-2025 17:00:01	31.4446	2.4724	NaN	0.1490	0.1500	46.7083	28.3111	NaN	NaN
15-Feb-2025 17:15:01	31.4219	2.3247	NaN	0.1470	0.1480	46.7188	28.1739	NaN	NaN
15-Feb-2025 17:30:00	31.3052	2.2576	NaN	0.1460	0.1470	46.7292	28.0253	NaN	NaN
15-Feb-2025 17:45:01	31.2304	2.0923	NaN	0.1410	0.1420	46.7396	27.8326	NaN	NaN
15-Feb-2025 18:00:01	30.7449	2.3260	NaN	0.1500	0.1510	46.7500	27.6235	NaN	NaN
15-Feb-2025 18:15:00	30.8943	2.1011	NaN	0.1660	0.1680	46.7604	27.5675	NaN	NaN
15-Feb-2025 18:30:01	31.0119	2.2913	NaN	0.1870	0.1890	46.7708	27.8137	NaN	NaN
15-Feb-2025 18:45:01	31.1019	2.3757	NaN	0.2120	0.2130	46.7813	27.9540	NaN	NaN
15-Feb-2025 19:00:00	31.1052	2.2207	NaN	0.2310	0.2330	46.7917	27.8335	NaN	NaN
15-Feb-2025 19:15:01	31.0609	1.9701	NaN	0.2580	0.2600	46.8021	27.5987	NaN	NaN
15-Feb-2025 19:30:01	31.0596	1.8709	NaN	0.2850	0.2880	46.8125	27.5191	NaN	NaN
15-Feb-2025 19:45:00	31.0894	1.8710	NaN	0.3060	0.3090	46.8229	27.5432	NaN	NaN
15-Feb-2025 20:00:01	31.0324	1.9296	NaN	0.3310	0.3330	46.8333	27.5437	NaN	NaN
15-Feb-2025 20:15:01	31.2511	2.2937	NaN	0.3530	0.3560	46.8438	28.0102	NaN	NaN
15-Feb-2025 20:30:00	31.5155	2.7221	NaN	0.3840	0.3870	46.8542	28.5707	NaN	NaN
15-Feb-2025 20:45:01	31.6877	2.9227	NaN	0.4100	0.4130	46.8646	28.8754	NaN	NaN
15-Feb-2025 21:00:01	31.8445	3.0397	NaN	0.4350	0.4380	46.8750	29.1005	NaN	NaN
15-Feb-2025 21:15:00	31.8795	3.0523	NaN	0.4550	0.4590	46.8854	29.1399	NaN	NaN
15-Feb-2025 21:30:01	31.9437	3.1250	NaN	0.4850	0.4880	46.8958	29.2527	NaN	NaN
15-Feb-2025 21:45:01	31.9866	3.2316	NaN	0.5080	0.5120	46.9063	29.3760	NaN	NaN
15-Feb-2025 22:00:00	32.0355	3.2888	NaN	0.5360	0.5400	46.9167	29.4639	NaN	NaN
15-Feb-2025 22:15:01	32.0305	3.3020	NaN	0.5630	0.5670	46.9271	29.4706	NaN	NaN
15-Feb-2025 22:30:01	32.0325	3.3195	NaN	0.5920	0.5970	46.9375	29.4867	NaN	NaN
15-Feb-2025 22:45:00	32.0431	3.3148	NaN	0.6160	0.6210	46.9479	29.4918	NaN	NaN
15-Feb-2025 23:00:01	32.0361	3.3293	NaN	0.6430	0.6480	46.9583	29.4979	NaN	NaN
15-Feb-2025 23:15:01	32.0265	3.3317	NaN	0.6620	0.6670	46.9688	29.4918	NaN	NaN
15-Feb-2025 23:30:00	32.0307	3.3312	NaN	0.6870	0.6920	46.9792	29.4949	NaN	NaN
15-Feb-2025 23:45:01	32.0335	3.3415	NaN	0.7050	0.7100	46.9896	29.5057	NaN	NaN
16-Feb-2025 00:00:01	32.0287	3.3222	NaN	0.7120	0.7180	47.0000	29.4859	NaN	NaN
16-Feb-2025 00:15:00	32.0111	3.3444	NaN	0.7150	0.7210	47.0104	29.4895	NaN	NaN
16-Feb-2025 00:30:01	32.0218	3.3640	NaN	0.7050	0.7110	47.0208	29.5145	NaN	NaN
16-Feb-2025 00:45:01	32.0293	3.3289	NaN	0.6920	0.6970	47.0313	29.4919	NaN	NaN
16-Feb-2025 01:00:00	32.0016	3.1772	NaN	0.6750	0.6810	47.0417	29.3438	NaN	NaN
16-Feb-2025 01:15:01	31.8731	3.1439	NaN	0.6480	0.6530	47.0521	29.2097	NaN	NaN
16-Feb-2025 01:30:01	31.8417	3.1337	NaN	0.6260	0.6310	47.0625	29.1753	NaN	NaN
16-Feb-2025 01:45:00	31.7432	3.0717	NaN	0.5980	0.6030	47.0729	29.0429	NaN	NaN
16-Feb-2025 02:00:01	31.5856	3.0432	NaN	0.5690	0.5730	47.0833	28.8890	NaN	NaN
16-Feb-2025 02:15:01	31.3522	2.8334	NaN	0.5430	0.5480	47.0938	28.5262	NaN	NaN
16-Feb-2025 02:30:00	30.3002	2.6757	NaN	0.5160	0.5200	47.1042	27.5333	NaN	NaN
16-Feb-2025 02:45:01	30.6219	2.5882	NaN	0.4880	0.4920	47.1146	27.7296	NaN	NaN
16-Feb-2025 03:00:01	29.8751	2.5568	NaN	0.4650	0.4680	47.1250	27.0906	NaN	NaN
16-Feb-2025 03:15:00	29.2981	2.5245	NaN	0.4320	0.4350	47.1354	26.5903	NaN	NaN
16-Feb-2025 03:30:01	29.6110	2.5424	NaN	0.4110	0.4140	47.1458	26.8619	NaN	NaN
16-Feb-2025 03:45:01	29.5631	2.5474	NaN	0.3830	0.3860	47.1563	26.8262	NaN	NaN
16-Feb-2025 04:00:00	29.4547	2.5608	NaN	0.3530	0.3560	47.1667	26.7470	NaN	NaN
16-Feb-2025 04:15:01	29.6202	2.5632	NaN	0.3320	0.3350	47.1771	26.8853	NaN	NaN
16-Feb-2025 04:30:01	29.7174	2.5654	NaN	0.3180	0.3210	47.1875	26.9671	NaN	NaN
16-Feb-2025 04:45:00	29.7957	2.5995	NaN	0.2980	0.3010	47.1979	27.0579	NaN	NaN
16-Feb-2025 05:00:01	29.8983	2.6042	NaN	0.2790	0.2810	47.2083	27.1462	NaN	NaN
16-Feb-2025 05:15:01	29.9791	2.5979	NaN	0.2610	0.2630	47.2188	27.2079	NaN	NaN
16-Feb-2025 05:30:00	30.0241	2.6293	NaN	0.2410	0.2430	47.2292	27.2693	NaN	NaN
16-Feb-2025 05:45:01	30.1971	2.6033	NaN	0.2330	0.2350	47.2396	27.3917	NaN	NaN
16-Feb-2025 06:00:01	30.2005	2.6331	NaN	0.2210	0.2230	47.2500	27.4177	NaN	NaN
16-Feb-2025 06:15:00	30.2228	2.6968	NaN	0.2280	0.2300	47.2604	27.4857	NaN	NaN
16-Feb-2025 06:30:01	30.3665	2.6044	NaN	0.2350	0.2360	47.2708	27.5321	NaN	NaN
16-Feb-2025 06:45:01	30.6653	2.6453	NaN	0.2390	0.2410	47.2813	27.8101	NaN	NaN
16-Feb-2025 07:00:00	30.6054	2.6682	NaN	0.2520	0.2540	47.2917	27.7788	NaN	NaN
16-Feb-2025 07:15:01	30.5822	2.4871	NaN	0.2710	0.2740	47.3021	27.6174	NaN	NaN
16-Feb-2025 07:30:01	30.6105	2.4525	NaN	0.2880	0.2900	47.3125	27.6134	NaN	NaN
16-Feb-2025 07:45:00	30.6259	2.4822	NaN	0.3100	0.3120	47.3229	27.6493	NaN	NaN
16-Feb-2025 08:00:01	30.6761	2.3998	NaN	0.3310	0.3330	47.3333	27.6256	NaN	NaN
16-Feb-2025 08:15:01	30.8579	2.4566	NaN	0.3590	0.3620	47.3438	27.8191	NaN	NaN
16-Feb-2025 08:30:00	31.4432	2.8957	NaN	0.3810	0.3840	47.3542	28.6515	NaN	NaN
16-Feb-2025 08:45:01	31.6390	3.0130	NaN	0.4070	0.4100	47.3646	28.9086	NaN	NaN
16-Feb-2025 09:00:01	31.7291	3.0467	NaN	0.4330	0.4360	47.3750	29.0107	NaN	NaN
16-Feb-2025 09:15:00	31.7765	3.0552	NaN	0.4600	0.4640	47.3854	29.0569	NaN	NaN
16-Feb-2025 09:30:01	31.7976	3.0746	NaN	0.4880	0.4920	47.3958	29.0903	NaN	NaN
16-Feb-2025 09:45:01	31.8380	3.1325	NaN	0.5200	0.5240	47.4063	29.1711	NaN	NaN
16-Feb-2025 10:00:00	31.8707	3.1964	NaN	0.5440	0.5480	47.4167	29.2508	NaN	NaN
16-Feb-2025 10:15:01	31.8669	3.2368	NaN	0.5780	0.5820	47.4271	29.2807	NaN	NaN
16-Feb-2025 10:30:01	31.8882	3.2658	NaN	0.6040	0.6090	47.4375	29.3223	NaN	NaN
16-Feb-2025 10:45:00	31.8748	3.2772	NaN	0.6270	0.6320	47.4479	29.3205	NaN	NaN
16-Feb-2025 11:00:01	31.8659	3.3020	NaN	0.6370	0.6420	47.4583	29.3335	NaN	NaN
16-Feb-2025 11:15:01	31.9041	3.3027	NaN	0.6550	0.6600	47.4688	29.3659	NaN	NaN
16-Feb-2025 11:30:00	31.8543	3.2640	NaN	0.6640	0.6700	47.4792	29.2926	NaN	NaN
16-Feb-2025 11:45:01	31.5517	3.0267	NaN	0.6790	0.6850	47.4896	28.8475	NaN	NaN
16-Feb-2025 12:00:01	31.5515	3.0385	NaN	0.6870	0.6920	47.5000	28.8570	NaN	NaN
16-Feb-2025 12:15:00	31.6182	3.0936	NaN	0.6830	0.6880	47.5104	28.9570	NaN	NaN
16-Feb-2025 12:30:01	31.7625	3.3248	NaN	0.6650	0.6700	47.5208	29.2659	NaN	NaN
16-Feb-2025 12:45:01	31.7514	3.2072	NaN	0.6520	0.6570	47.5313	29.1605	NaN	NaN
16-Feb-2025 13:00:00	31.5177	3.2164	NaN	0.6200	0.6250	47.5417	28.9733	NaN	NaN
16-Feb-2025 13:15:01	31.7066	3.2816	NaN	0.6060	0.6110	47.5521	29.1839	NaN	NaN
16-Feb-2025 13:30:01	31.7637	3.2896	NaN	0.5750	0.5800	47.5625	29.2381	NaN	NaN
16-Feb-2025 13:45:00	31.6972	3.2576	NaN	0.5500	0.5540	47.5729	29.1564	NaN	NaN
16-Feb-2025 14:00:01	31.5942	3.1700	NaN	0.5190	0.5230	47.5833	28.9993	NaN	NaN
16-Feb-2025 14:15:01	31.4574	3.1385	NaN	0.4930	0.4970	47.5938	28.8599	NaN	NaN
16-Feb-2025 14:30:00	31.3843	3.1087	NaN	0.4590	0.4620	47.6042	28.7750	NaN	NaN
16-Feb-2025 14:45:01	31.3788	3.1229	NaN	0.4260	0.4300	47.6146	28.7819	NaN	NaN
16-Feb-2025 15:00:01	31.4069	3.0970	NaN	0.4100	0.4130	47.6250	28.7843	NaN	NaN
16-Feb-2025 15:15:00	31.2385	2.9648	NaN	0.3920	0.3950	47.6354	28.5379	NaN	NaN
16-Feb-2025 15:30:01	31.0965	2.9814	NaN	0.3690	0.3720	47.6458	28.4336	NaN	NaN
16-Feb-2025 15:45:01	31.1708	2.8443	NaN	0.3560	0.3590	47.6563	28.3851	NaN	NaN
16-Feb-2025 16:00:00	30.5641	2.9675	NaN	0.3490	0.3520	47.6667	27.9807	NaN	NaN
16-Feb-2025 16:15:01	30.5782	3.0397	NaN	0.3470	0.3490	47.6771	28.0494	NaN	NaN
16-Feb-2025 16:30:01	30.8397	3.1839	NaN	0.3200	0.3230	47.6875	28.3818	NaN	NaN
16-Feb-2025 16:45:00	30.9734	3.2974	NaN	0.3090	0.3120	47.6979	28.5842	NaN	NaN
16-Feb-2025 17:00:01	30.9943	3.3331	NaN	0.2930	0.2950	47.7083	28.6303	NaN	NaN
16-Feb-2025 17:15:01	30.9901	3.3290	NaN	0.2970	0.2990	47.7188	28.6235	NaN	NaN
16-Feb-2025 17:30:00	30.9769	3.2824	NaN	0.2730	0.2750	47.7292	28.5751	NaN	NaN
16-Feb-2025 17:45:01	30.6716	3.2660	NaN	0.2850	0.2870	47.7396	28.3066	NaN	NaN
16-Feb-2025 18:00:01	30.7486	3.3383	NaN	0.2680	0.2700	47.7500	28.4285	NaN	NaN
16-Feb-2025 18:15:00	30.9298	3.4366	NaN	0.2650	0.2670	47.7604	28.6592	NaN	NaN
16-Feb-2025 18:30:01	30.9979	3.4595	NaN	0.2620	0.2640	47.7708	28.7347	NaN	NaN
16-Feb-2025 18:45:01	30.7443	3.3793	NaN	0.2770	0.2790	47.7813	28.4576	NaN	NaN
16-Feb-2025 19:00:00	30.3835	3.3750	NaN	0.2860	0.2880	47.7917	28.1512	NaN	NaN
16-Feb-2025 19:15:01	30.2175	3.4070	NaN	0.3220	0.3240	47.8021	28.0366	NaN	NaN
16-Feb-2025 19:30:01	30.2281	3.4896	NaN	0.3520	0.3550	47.8125	28.1105	NaN	NaN
16-Feb-2025 19:45:00	30.0020	3.6382	NaN	0.3640	0.3670	47.8229	28.0357	NaN	NaN
16-Feb-2025 20:00:01	29.7608	3.6270	NaN	0.3970	0.4000	47.8333	27.8224	NaN	NaN
16-Feb-2025 20:15:01	29.9603	3.6245	NaN	0.4260	0.4290	47.8438	27.9897	NaN	NaN
16-Feb-2025 20:30:00	30.7329	3.7489	NaN	0.4450	0.4490	47.8542	28.7429	NaN	NaN
16-Feb-2025 20:45:01	31.2792	3.7810	NaN	0.4950	0.4990	47.8646	29.2316	NaN	NaN
16-Feb-2025 21:00:01	31.4014	3.7997	NaN	0.5120	0.5160	47.8750	29.3503	NaN	NaN
16-Feb-2025 21:15:00	31.5104	3.7947	NaN	0.5350	0.5390	47.8854	29.4385	NaN	NaN
16-Feb-2025 21:30:01	31.5400	3.7873	NaN	0.5620	0.5660	47.8958	29.4574	NaN	NaN
16-Feb-2025 21:45:01	31.6903	3.7717	NaN	0.5870	0.5920	47.9063	29.5717	NaN	NaN
16-Feb-2025 22:00:00	31.6568	3.7541	NaN	0.6080	0.6130	47.9167	29.5290	NaN	NaN
16-Feb-2025 22:15:01	31.6705	3.7551	NaN	0.6260	0.6310	47.9271	29.5414	NaN	NaN
16-Feb-2025 22:30:01	31.6377	3.7560	NaN	0.6270	0.6320	47.9375	29.5145	NaN	NaN
16-Feb-2025 22:45:00	31.6734	3.7436	NaN	0.6350	0.6400	47.9479	29.5344	NaN	NaN
16-Feb-2025 23:00:01	31.6224	3.7484	NaN	0.6500	0.6550	47.9583	29.4953	NaN	NaN
16-Feb-2025 23:15:01	31.4208	3.7082	NaN	0.6590	0.6650	47.9688	29.2922	NaN	NaN
16-Feb-2025 23:30:00	31.3726	3.7073	NaN	0.6820	0.6870	47.9792	29.2508	NaN	NaN
16-Feb-2025 23:45:01	31.4656	3.6793	NaN	0.6870	0.6930	47.9896	29.3065	NaN	NaN
17-Feb-2025 00:00:01	31.5093	3.5789	NaN	0.6610	0.6660	48.0000	29.2614	NaN	NaN
17-Feb-2025 00:15:00	31.4104	3.5616	NaN	0.6610	0.6670	48.0104	29.1642	NaN	NaN
17-Feb-2025 00:30:01	31.4692	3.5353	NaN	0.6470	0.6520	48.0208	29.1922	NaN	NaN
17-Feb-2025 00:45:01	31.4552	3.5059	NaN	0.6400	0.6450	48.0313	29.1565	NaN	NaN
17-Feb-2025 01:00:00	31.4608	3.4679	NaN	0.6280	0.6330	48.0417	29.1303	NaN	NaN
17-Feb-2025 01:15:01	31.4273	3.4531	NaN	0.5910	0.5950	48.0521	29.0902	NaN	NaN
17-Feb-2025 01:30:01	31.2401	3.4538	NaN	0.5620	0.5660	48.0625	28.9337	NaN	NaN
17-Feb-2025 01:45:00	31.1019	3.3682	NaN	0.5410	0.5460	48.0729	28.7487	NaN	NaN
17-Feb-2025 02:00:01	30.9547	3.3204	NaN	0.5210	0.5250	48.0833	28.5870	NaN	NaN
17-Feb-2025 02:15:01	31.0055	3.2061	NaN	0.4930	0.4970	48.0938	28.5380	NaN	NaN
17-Feb-2025 02:30:00	30.9428	3.1574	NaN	0.4600	0.4640	48.1042	28.4467	NaN	NaN
17-Feb-2025 02:45:01	30.7862	3.1123	NaN	0.4300	0.4330	48.1146	28.2802	NaN	NaN
17-Feb-2025 03:00:01	30.7592	3.0281	NaN	0.4050	0.4080	48.1250	28.1908	NaN	NaN
17-Feb-2025 03:15:00	30.7333	2.9922	NaN	0.3710	0.3740	48.1354	28.1408	NaN	NaN
17-Feb-2025 03:30:01	30.7185	2.9651	NaN	0.3440	0.3470	48.1458	28.1070	NaN	NaN
17-Feb-2025 03:45:01	30.6775	2.9697	NaN	0.3210	0.3240	48.1563	28.0766	NaN	NaN
17-Feb-2025 04:00:00	30.6712	2.9323	NaN	0.3040	0.3060	48.1667	28.0418	NaN	NaN
17-Feb-2025 04:15:01	30.7034	2.8889	NaN	0.2820	0.2850	48.1771	28.0340	NaN	NaN
17-Feb-2025 04:30:01	30.5779	2.7613	NaN	0.2460	0.2480	48.1875	27.8295	NaN	NaN
17-Feb-2025 04:45:00	30.5294	2.7834	NaN	0.2220	0.2240	48.1979	27.8069	NaN	NaN
17-Feb-2025 05:00:01	30.6177	2.7609	NaN	0.1930	0.1950	48.2083	27.8620	NaN	NaN
17-Feb-2025 05:15:01	30.5714	2.7020	NaN	0.1680	0.1690	48.2188	27.7775	NaN	NaN
17-Feb-2025 05:30:00	30.6934	2.6596	NaN	0.1410	0.1420	48.2292	27.8445	NaN	NaN
17-Feb-2025 05:45:01	30.7165	2.6361	NaN	0.1200	0.1210	48.2396	27.8449	NaN	NaN
17-Feb-2025 06:00:01	30.6173	2.7244	NaN	0.0970	0.0980	48.2500	27.8329	NaN	NaN
17-Feb-2025 06:15:00	30.6967	2.6076	NaN	0.0710	0.0720	48.2604	27.8061	NaN	NaN
17-Feb-2025 06:30:01	30.6371	2.6194	NaN	0.0520	0.0530	48.2708	27.7664	NaN	NaN
17-Feb-2025 06:45:01	30.5810	2.6217	NaN	0.0410	0.0420	48.2813	27.7221	NaN	NaN
17-Feb-2025 07:00:00	30.4765	2.6757	NaN	0.0310	0.0320	48.2917	27.6784	NaN	NaN
17-Feb-2025 07:15:01	30.4327	2.5943	NaN	0.0230	0.0230	48.3021	27.5786	NaN	NaN
17-Feb-2025 07:30:01	30.4064	2.5339	NaN	0.0120	0.0120	48.3125	27.5097	NaN	NaN
17-Feb-2025 07:45:00	30.3926	2.4073	NaN	-0.0040	-0.0040	48.3229	27.3994	NaN	NaN
17-Feb-2025 08:00:01	30.3848	2.4936	NaN	0.0090	0.0090	48.3333	27.4604	NaN	NaN
17-Feb-2025 08:15:01	30.3565	2.2212	NaN	0.0070	0.0070	48.3438	27.2248	NaN	NaN
17-Feb-2025 08:30:00	30.2391	2.4899	NaN	-0.0080	-0.0080	48.3542	27.3379	NaN	NaN
17-Feb-2025 08:45:01	30.0129	1.8634	NaN	-0.0030	-0.0030	48.3646	26.6695	NaN	NaN
17-Feb-2025 09:00:01	30.1716	2.6273	NaN	0.0140	0.0140	48.3750	27.3893	NaN	NaN
17-Feb-2025 09:15:00	30.0199	2.7168	NaN	0.0020	0.0020	48.3854	27.3335	NaN	NaN
17-Feb-2025 09:30:01	29.7661	2.0243	NaN	0.0190	0.0190	48.3958	26.5929	NaN	NaN
17-Feb-2025 09:45:01	30.0407	2.7292	NaN	0.0200	0.0200	48.4063	27.3604	NaN	NaN
17-Feb-2025 10:00:00	30.0182	2.7189	NaN	0.0280	0.0280	48.4167	27.3338	NaN	NaN
17-Feb-2025 10:15:01	30.0160	2.7687	NaN	0.0460	0.0470	48.4271	27.3705	NaN	NaN
17-Feb-2025 10:30:01	29.9820	2.8237	NaN	0.0630	0.0630	48.4375	27.3850	NaN	NaN
17-Feb-2025 10:45:00	29.8032	2.7128	NaN	0.0690	0.0700	48.4479	27.1512	NaN	NaN
17-Feb-2025 11:00:01	29.5306	2.6879	NaN	0.0820	0.0820	48.4583	26.9064	NaN	NaN
17-Feb-2025 11:15:01	29.4335	2.6756	NaN	0.0870	0.0880	48.4688	26.8167	NaN	NaN
17-Feb-2025 11:30:00	29.6405	2.4600	NaN	0.0620	0.0620	48.4792	26.8230	NaN	NaN
17-Feb-2025 11:45:01	29.3042	2.7317	NaN	0.0760	0.0770	48.4896	26.7522	NaN	NaN
17-Feb-2025 12:00:01	29.5945	2.3593	NaN	0.0640	0.0640	48.5000	26.7084	NaN	NaN
17-Feb-2025 12:15:00	29.5613	2.3491	NaN	0.0660	0.0660	48.5104	26.6734	NaN	NaN
17-Feb-2025 12:30:01	29.1936	2.8913	NaN	0.0560	0.0570	48.5208	26.7811	NaN	NaN
17-Feb-2025 12:45:01	29.3154	2.7815	NaN	0.0450	0.0460	48.5313	26.7992	NaN	NaN
17-Feb-2025 13:00:00	29.1011	3.0534	NaN	0.0210	0.0220	48.5417	26.8265	NaN	NaN
17-Feb-2025 13:15:01	29.1819	3.4821	NaN	0.0080	0.0080	48.5521	27.2200	NaN	NaN
17-Feb-2025 13:30:01	28.9980	3.4098	NaN	0.0080	0.0080	48.5625	27.0094	NaN	NaN
17-Feb-2025 13:45:00	28.9100	3.3759	NaN	-0.0180	-0.0180	48.5729	26.9093	NaN	NaN
17-Feb-2025 14:00:01	28.7943	3.5665	NaN	-0.0390	-0.0390	48.5833	26.9548	NaN	NaN
17-Feb-2025 14:15:01	28.9581	3.0783	NaN	-0.0410	-0.0410	48.5938	26.7254	NaN	NaN
17-Feb-2025 14:30:00	17.6772	2.2212	NaN	-0.0380	-0.0380	48.6042	16.5991	NaN	NaN
17-Feb-2025 14:45:01	15.8864	-0.5290	NaN	-0.0360	-0.0360	48.6146	13.8580	NaN	NaN
17-Feb-2025 15:00:01	11.1946	-2.4258	NaN	-0.0350	-0.0350	48.6250	9.4407	NaN	NaN
17-Feb-2025 15:15:00	0.6426	-0.4802	NaN	-0.0400	-0.0400	48.6354	0.6768	NaN	NaN
17-Feb-2025 15:30:01	0.2019	-0.3406	NaN	-0.0430	-0.0430	48.6458	0.2244	NaN	NaN
17-Feb-2025 15:45:01	0.4566	-0.9343	NaN	-0.0440	-0.0440	48.6563	0.4811	NaN	NaN
17-Feb-2025 16:00:00	0.2393	-0.1751	NaN	-0.0450	-0.0450	48.6667	0.2654	NaN	NaN
17-Feb-2025 16:15:01	0.0680	-0.1019	NaN	-0.0420	-0.0420	48.6771	0.0804	NaN	NaN
17-Feb-2025 16:30:01	0.1278	0.1356	NaN	-0.0400	-0.0400	48.6875	0.1471	NaN	NaN
17-Feb-2025 16:45:00	0.0790	-0.2172	NaN	-0.0420	-0.0430	48.6979	0.0923	NaN	NaN
17-Feb-2025 17:00:01	0.0757	-0.4225	NaN	-0.0410	-0.0410	48.7083	0.0882	NaN	NaN
17-Feb-2025 17:15:01	0.0700	-0.6280	NaN	-0.0480	-0.0480	48.7188	0.0815	NaN	NaN
17-Feb-2025 17:30:00	0.0705	-0.7229	NaN	-0.0580	-0.0580	48.7292	0.0819	NaN	NaN
17-Feb-2025 17:45:01	0.0738	-1.0041	NaN	-0.0490	-0.0490	48.7396	0.0848	NaN	NaN
17-Feb-2025 18:00:01	0.0720	-1.1158	NaN	-0.0480	-0.0490	48.7500	0.0826	NaN	NaN
17-Feb-2025 18:15:00	0.0762	-1.3042	NaN	-0.0480	-0.0480	48.7604	0.0867	NaN	NaN
17-Feb-2025 18:30:01	0.0765	-1.4865	NaN	-0.0460	-0.0460	48.7708	0.0866	NaN	NaN
17-Feb-2025 18:45:01	0.0783	-1.4906	NaN	-0.0460	-0.0460	48.7813	0.0885	NaN	NaN
17-Feb-2025 19:00:00	0.0778	-1.5896	NaN	-0.0430	-0.0430	48.7917	0.0877	NaN	NaN
17-Feb-2025 19:15:01	0.0767	-1.7301	NaN	-0.0400	-0.0410	48.8021	0.0863	NaN	NaN
17-Feb-2025 19:30:01	0.0740	-1.7016	NaN	-0.0410	-0.0410	48.8125	0.0835	NaN	NaN
17-Feb-2025 19:45:00	0.0711	-2.0024	NaN	-0.0390	-0.0390	48.8229	0.0798	NaN	NaN
17-Feb-2025 20:00:01	0.0654	-2.0379	NaN	-0.0370	-0.0370	48.8333	0.0738	NaN	NaN
17-Feb-2025 20:15:01	0.0674	-2.2492	NaN	-0.0370	-0.0370	48.8438	0.0755	NaN	NaN
17-Feb-2025 20:30:00	0.0745	-2.2363	NaN	-0.0370	-0.0380	48.8542	0.0828	NaN	NaN
17-Feb-2025 20:45:01	0.0664	-2.5083	NaN	-0.0380	-0.0390	48.8646	0.0740	NaN	NaN
17-Feb-2025 21:00:01	0.0781	-2.5005	NaN	-0.0390	-0.0390	48.8750	0.0859	NaN	NaN
17-Feb-2025 21:15:00	0.5159	-3.5824	NaN	-0.0350	-0.0350	48.8854	0.4959	NaN	NaN
17-Feb-2025 21:30:01	0.1609	-3.3653	NaN	-0.0300	-0.0300	48.8958	0.1646	NaN	NaN
17-Feb-2025 21:45:01	0.2460	-3.9643	NaN	-0.0050	-0.0050	48.9063	0.2414	NaN	NaN
17-Feb-2025 22:00:00	9.3458	-3.7271	NaN	-0.0120	-0.0120	48.9167	7.6501	NaN	NaN
17-Feb-2025 22:15:01	15.1670	-2.0236	NaN	0.0030	0.0030	48.9271	12.6736	NaN	NaN
17-Feb-2025 22:30:01	15.7077	-2.6551	NaN	0.0050	0.0050	48.9375	12.8313	NaN	NaN
17-Feb-2025 22:45:00	16.0014	-0.2978	NaN	0.0080	0.0080	48.9479	14.0496	NaN	NaN
17-Feb-2025 23:00:01	28.4689	0.5416	NaN	0.0150	0.0160	48.9583	24.4563	NaN	NaN
17-Feb-2025 23:15:01	28.1525	0.7104	NaN	0.0180	0.0180	48.9688	24.3293	NaN	NaN
17-Feb-2025 23:30:00	27.9432	0.7863	NaN	0.0230	0.0230	48.9792	24.2184	NaN	NaN
17-Feb-2025 23:45:01	28.4076	0.8405	NaN	0.0330	0.0330	48.9896	24.6243	NaN	NaN
18-Feb-2025 00:00:01	28.6258	0.8844	NaN	0.0380	0.0380	49.0000	24.8286	NaN	NaN
18-Feb-2025 00:15:00	28.7306	0.7877	NaN	0.0510	0.0510	49.0104	24.8407	NaN	NaN
18-Feb-2025 00:30:01	28.9058	0.8743	NaN	0.0610	0.0620	49.0208	25.0423	NaN	NaN
18-Feb-2025 00:45:01	29.3250	0.9969	NaN	0.0490	0.0500	49.0313	25.4642	NaN	NaN
18-Feb-2025 01:00:00	29.6303	1.0048	NaN	0.0410	0.0420	49.0417	25.7113	NaN	NaN
18-Feb-2025 01:15:01	30.4573	1.3520	NaN	0.0320	0.0320	49.0521	26.6314	NaN	NaN
18-Feb-2025 01:30:01	30.3856	0.3412	NaN	0.0250	0.0250	49.0625	25.7982	NaN	NaN
18-Feb-2025 01:45:00	25.5677	-0.9883	NaN	0.0210	0.0220	49.0729	21.1730	NaN	NaN
18-Feb-2025 02:00:01	16.2240	-2.5313	NaN	0.0220	0.0220	49.0833	13.2735	NaN	NaN
18-Feb-2025 02:15:01	17.1375	-5.5405	NaN	0.0140	0.0140	49.0938	12.6513	NaN	NaN
18-Feb-2025 02:30:00	4.2952	-6.1352	NaN	-0.0200	-0.0200	49.1042	3.4028	NaN	NaN
18-Feb-2025 02:45:01	0.2434	-6.4647	NaN	-0.0400	-0.0410	49.1146	0.2196	NaN	NaN
18-Feb-2025 03:00:01	0.1522	-6.6899	NaN	-0.0470	-0.0480	49.1250	0.1402	NaN	NaN
18-Feb-2025 03:15:00	0.8150	-6.5837	NaN	-0.0620	-0.0630	49.1354	0.6918	NaN	NaN
18-Feb-2025 03:30:01	0.7147	-6.9291	NaN	-0.0660	-0.0660	49.1458	0.6027	NaN	NaN
18-Feb-2025 03:45:01	0.6477	-6.8091	NaN	-0.0670	-0.0680	49.1563	0.5510	NaN	NaN
18-Feb-2025 04:00:00	0.5862	-7.0001	NaN	-0.0700	-0.0700	49.1667	0.4975	NaN	NaN
18-Feb-2025 04:15:01	0.5493	-6.8791	NaN	-0.0790	-0.0790	49.1771	0.4696	NaN	NaN
18-Feb-2025 04:30:01	0.5202	-7.1419	NaN	-0.0780	-0.0790	49.1875	0.4415	NaN	NaN
18-Feb-2025 04:45:00	0.4910	-6.7690	NaN	-0.0860	-0.0870	49.1979	0.4235	NaN	NaN
18-Feb-2025 05:00:01	0.4727	-7.0695	NaN	-0.0930	-0.0930	49.2083	0.4040	NaN	NaN
18-Feb-2025 05:15:01	0.4567	-7.1674	NaN	-0.0940	-0.0950	49.2188	0.3897	NaN	NaN
18-Feb-2025 05:30:00	0.4462	-7.4703	NaN	-0.0680	-0.0690	49.2292	0.3769	NaN	NaN
18-Feb-2025 05:45:01	0.4337	-7.5452	NaN	-0.0180	-0.0180	49.2396	0.3658	NaN	NaN
18-Feb-2025 06:00:01	0.4159	-7.0489	NaN	0.0080	0.0090	49.2500	0.3579	NaN	NaN
18-Feb-2025 06:15:00	0.4146	-7.4093	NaN	0.0160	0.0160	49.2604	0.3522	NaN	NaN
18-Feb-2025 06:30:01	0.4031	-7.2199	NaN	0.0160	0.0160	49.2708	0.3452	NaN	NaN
18-Feb-2025 06:45:01	0.4007	-7.5220	NaN	0.0160	0.0160	49.2813	0.3395	NaN	NaN
18-Feb-2025 07:00:00	0.4151	-7.2999	NaN	0.0240	0.0240	49.2917	0.3540	NaN	NaN
18-Feb-2025 07:15:01	0.4495	-7.2228	NaN	0.0370	0.0370	49.3021	0.3830	NaN	NaN
18-Feb-2025 07:30:01	0.4654	-7.1071	NaN	0.0400	0.0410	49.3125	0.3976	NaN	NaN
18-Feb-2025 07:45:00	0.4753	-7.0855	NaN	0.0510	0.0520	49.3229	0.4060	NaN	NaN
18-Feb-2025 08:00:01	0.4960	-7.0438	NaN	0.0500	0.0500	49.3333	0.4235	NaN	NaN
18-Feb-2025 08:15:01	0.5581	-6.7690	NaN	0.0600	0.0600	49.3438	0.4786	NaN	NaN
18-Feb-2025 08:30:00	0.4413	-6.2339	NaN	0.0630	0.0630	49.3542	0.3899	NaN	NaN
18-Feb-2025 08:45:01	0.2626	-6.0801	NaN	0.0620	0.0620	49.3646	0.2392	NaN	NaN
18-Feb-2025 09:00:01	0.1913	-6.3201	NaN	0.0580	0.0580	49.3750	0.1759	NaN	NaN
18-Feb-2025 09:15:00	0.0838	-5.7388	NaN	0.0590	0.0600	49.3854	0.0835	NaN	NaN
18-Feb-2025 09:30:01	0.0727	-5.5849	NaN	0.0510	0.0510	49.3958	0.0738	NaN	NaN
18-Feb-2025 09:45:01	0.0918	-5.7590	NaN	0.0450	0.0460	49.4063	0.0906	NaN	NaN
18-Feb-2025 10:00:00	0.0689	-5.3011	NaN	0.0450	0.0450	49.4167	0.0709	NaN	NaN
18-Feb-2025 10:15:01	0.0875	-4.8586	NaN	0.0380	0.0380	49.4271	0.0891	NaN	NaN
18-Feb-2025 10:30:01	0.0846	-4.8966	NaN	0.0290	0.0300	49.4375	0.0863	NaN	NaN
18-Feb-2025 10:45:00	0.0862	-5.0552	NaN	0.0380	0.0380	49.4479	0.0874	NaN	NaN
18-Feb-2025 11:00:01	0.1309	-4.4171	NaN	0.0270	0.0280	49.4583	0.1311	NaN	NaN
18-Feb-2025 11:15:01	0.1970	-4.2925	NaN	0.0230	0.0240	49.4688	0.1935	NaN	NaN
18-Feb-2025 11:30:00	0.3801	-4.3718	NaN	0.0240	0.0240	49.4792	0.3606	NaN	NaN
18-Feb-2025 11:45:01	0.2854	-4.5051	NaN	0.0250	0.0260	49.4896	0.2732	NaN	NaN
18-Feb-2025 12:00:01	0.4094	-3.8965	NaN	0.0220	0.0220	49.5000	0.3934	NaN	NaN
18-Feb-2025 12:15:00	0.5151	-5.0708	NaN	0.0110	0.0110	49.5104	0.4707	NaN	NaN
18-Feb-2025 12:30:01	0.9720	-4.5329	NaN	-0.0250	-0.0250	49.5208	0.8795	NaN	NaN
18-Feb-2025 12:45:01	4.3421	-4.5813	NaN	-0.0160	-0.0160	49.5313	3.6272	NaN	NaN
18-Feb-2025 13:00:00	0.5663	-4.4262	NaN	-0.0130	-0.0130	49.5417	0.5268	NaN	NaN
18-Feb-2025 13:15:01	0.1939	-4.4945	NaN	-0.0140	-0.0140	49.5521	0.1893	NaN	NaN
18-Feb-2025 13:30:01	0.2477	-4.2437	NaN	-0.0270	-0.0280	49.5625	0.2408	NaN	NaN
18-Feb-2025 13:45:00	0.4006	-4.2311	NaN	-0.0490	-0.0500	49.5729	0.3810	NaN	NaN
18-Feb-2025 14:00:01	0.3666	-4.1280	NaN	-0.0710	-0.0720	49.5833	0.3513	NaN	NaN
18-Feb-2025 14:15:01	0.3306	-3.1880	NaN	-0.0830	-0.0840	49.5938	0.3284	NaN	NaN
18-Feb-2025 14:30:00	0.3064	-3.5909	NaN	-0.0910	-0.0910	49.6042	0.3014	NaN	NaN
18-Feb-2025 14:45:01	0.2847	-3.7464	NaN	-0.0960	-0.0970	49.6146	0.2795	NaN	NaN
18-Feb-2025 15:00:01	0.2706	-3.4955	NaN	-0.1120	-0.1120	49.6250	0.2685	NaN	NaN
18-Feb-2025 15:15:00	0.2577	-3.4281	NaN	-0.1200	-0.1210	49.6354	0.2569	NaN	NaN
18-Feb-2025 15:30:01	0.2442	-3.3628	NaN	0.0230	0.0230	49.6458	0.2446	NaN	NaN
18-Feb-2025 15:45:01	0.2331	-3.5769	NaN	0.0230	0.0230	49.6563	0.2323	NaN	NaN
18-Feb-2025 16:00:00	0.2202	-3.2677	NaN	0.0270	0.0270	49.6667	0.2223	NaN	NaN
18-Feb-2025 16:15:01	0.2124	-3.3276	NaN	0.0290	0.0290	49.6771	0.2144	NaN	NaN
18-Feb-2025 16:30:01	0.2068	-3.5798	NaN	0.0330	0.0330	49.6875	0.2073	NaN	NaN
18-Feb-2025 16:45:00	0.2035	-3.8014	NaN	0.0360	0.0360	49.6979	0.2027	NaN	NaN
18-Feb-2025 17:00:01	0.2030	-3.9169	NaN	0.0390	0.0400	49.7083	0.2015	NaN	NaN
18-Feb-2025 17:15:01	0.2255	-4.0806	NaN	0.0420	0.0420	49.7188	0.2215	NaN	NaN
18-Feb-2025 17:30:00	0.2311	-4.2579	NaN	0.0440	0.0440	49.7292	0.2253	NaN	NaN
18-Feb-2025 17:45:01	0.2313	-4.4533	NaN	0.0420	0.0420	49.7396	0.2241	NaN	NaN
18-Feb-2025 18:00:01	0.2323	-4.4416	NaN	0.0450	0.0460	49.7500	0.2251	NaN	NaN
18-Feb-2025 18:15:00	0.2305	-4.6818	NaN	0.0490	0.0490	49.7604	0.2216	NaN	NaN
18-Feb-2025 18:30:01	0.2309	-4.7638	NaN	0.0510	0.0510	49.7708	0.2214	NaN	NaN
18-Feb-2025 18:45:01	0.2273	-4.4721	NaN	0.0540	0.0540	49.7813	0.2203	NaN	NaN
18-Feb-2025 19:00:00	0.2236	-4.3858	NaN	0.0550	0.0550	49.7917	0.2175	NaN	NaN
18-Feb-2025 19:15:01	0.2244	-4.7718	NaN	0.0520	0.0520	49.8021	0.2154	NaN	NaN
18-Feb-2025 19:30:01	0.2239	-4.6299	NaN	0.0500	0.0500	49.8125	0.2159	NaN	NaN
18-Feb-2025 19:45:00	0.2179	-4.8782	NaN	0.0500	0.0500	49.8229	0.2087	NaN	NaN
18-Feb-2025 20:00:01	0.2106	-4.8051	NaN	0.0530	0.0540	49.8333	0.2026	NaN	NaN
18-Feb-2025 20:15:01	0.2047	-4.9478	NaN	0.0520	0.0520	49.8438	0.1963	NaN	NaN
18-Feb-2025 20:30:00	0.2005	-4.8372	NaN	0.0530	0.0540	49.8542	0.1932	NaN	NaN
18-Feb-2025 20:45:01	0.2076	-5.0083	NaN	0.0560	0.0560	49.8646	0.1986	NaN	NaN
18-Feb-2025 21:00:01	0.2042	-5.0366	NaN	0.0590	0.0590	49.8750	0.1953	NaN	NaN
18-Feb-2025 21:15:00	0.2039	-5.3890	NaN	0.0640	0.0640	49.8854	0.1927	NaN	NaN
18-Feb-2025 21:30:01	0.1992	-5.2088	NaN	0.0630	0.0640	49.8958	0.1896	NaN	NaN
18-Feb-2025 21:45:01	0.1911	-5.0325	NaN	0.0620	0.0630	49.9063	0.1834	NaN	NaN
18-Feb-2025 22:00:00	0.3637	-5.1110	NaN	0.0620	0.0620	49.9167	0.3371	NaN	NaN
18-Feb-2025 22:15:01	0.5147	-5.0969	NaN	0.0650	0.0650	49.9271	0.4700	NaN	NaN
18-Feb-2025 22:30:01	3.1002	-4.9198	NaN	0.0670	0.0680	49.9375	2.6104	NaN	NaN
18-Feb-2025 22:45:00	14.4095	-4.5603	NaN	0.0700	0.0710	49.9479	11.1320	NaN	NaN
18-Feb-2025 23:00:01	14.2841	-2.3783	NaN	0.0780	0.0780	49.9583	11.8548	NaN	NaN
18-Feb-2025 23:15:01	27.3078	-0.6934	NaN	0.0900	0.0910	49.9688	22.6902	NaN	NaN
18-Feb-2025 23:30:00	28.2802	-0.5659	NaN	0.1260	0.1270	49.9792	23.5176	NaN	NaN
18-Feb-2025 23:45:01	28.9164	-0.2964	NaN	0.1500	0.1510	49.9896	24.1952	NaN	NaN
19-Feb-2025 00:00:01	29.4851	-0.0536	NaN	0.1650	0.1660	50.0000	24.8083	NaN	NaN
19-Feb-2025 00:15:00	30.1018	0.2986	NaN	0.1840	0.1850	50.0104	25.5467	NaN	NaN
19-Feb-2025 00:30:01	30.1788	0.5411	NaN	0.1920	0.1940	50.0208	25.7904	NaN	NaN
19-Feb-2025 00:45:01	30.4163	0.4891	NaN	0.2030	0.2040	50.0313	25.9352	NaN	NaN
19-Feb-2025 01:00:00	30.3920	0.5715	NaN	0.2090	0.2110	50.0417	25.9794	NaN	NaN
19-Feb-2025 01:15:01	30.0833	0.4914	NaN	0.2090	0.2110	50.0521	25.6783	NaN	NaN
19-Feb-2025 01:30:01	30.3783	0.7041	NaN	0.2100	0.2120	50.0625	26.0703	NaN	NaN
19-Feb-2025 01:45:00	30.9798	1.0127	NaN	0.2100	0.2120	50.0729	26.7803	NaN	NaN
19-Feb-2025 02:00:01	30.9766	0.9765	NaN	0.2020	0.2040	50.0833	26.7495	NaN	NaN
19-Feb-2025 02:15:01	31.1501	1.0619	NaN	0.1930	0.1940	50.0938	26.9527	NaN	NaN
19-Feb-2025 02:30:00	31.0435	-0.0500	NaN	0.1830	0.1850	50.1042	26.0021	NaN	NaN
19-Feb-2025 02:45:01	28.9898	-0.6422	NaN	0.1640	0.1650	50.1146	24.0001	NaN	NaN
19-Feb-2025 03:00:01	29.2401	-0.4523	NaN	0.1410	0.1420	50.1250	24.3279	NaN	NaN
19-Feb-2025 03:15:00	29.3951	-0.3257	NaN	0.1310	0.1320	50.1354	24.5386	NaN	NaN
19-Feb-2025 03:30:01	30.0377	-0.3068	NaN	0.1140	0.1150	50.1458	25.0412	NaN	NaN
19-Feb-2025 03:45:01	30.4665	-1.0549	NaN	0.1120	0.1130	50.1563	24.8003	NaN	NaN
19-Feb-2025 04:00:00	16.1635	-3.5800	NaN	0.1080	0.1090	50.1667	12.7887	NaN	NaN
19-Feb-2025 04:15:01	17.6123	-6.2579	NaN	0.0770	0.0780	50.1771	12.6629	NaN	NaN
19-Feb-2025 04:30:01	17.7873	-6.8359	NaN	0.0430	0.0440	50.1875	12.5274	NaN	NaN
19-Feb-2025 04:45:00	0.5108	-7.0986	NaN	0.0210	0.0210	50.1979	0.4347	NaN	NaN
19-Feb-2025 05:00:01	0.2604	-7.0934	NaN	-0.0070	-0.0070	50.2083	0.2290	NaN	NaN
19-Feb-2025 05:15:01	0.2072	-7.4537	NaN	-0.0130	-0.0130	50.2188	0.1822	NaN	NaN
19-Feb-2025 05:30:00	0.5725	-7.4753	NaN	-0.0290	-0.0290	50.2292	0.4780	NaN	NaN
19-Feb-2025 05:45:01	0.6513	-7.4514	NaN	-0.0270	-0.0280	50.2396	0.5412	NaN	NaN
19-Feb-2025 06:00:01	0.6787	-7.8307	NaN	-0.0310	-0.0320	50.2500	0.5551	NaN	NaN
19-Feb-2025 06:15:00	0.6702	-7.5241	NaN	-0.0360	-0.0360	50.2604	0.5546	NaN	NaN
19-Feb-2025 06:30:01	0.6940	-7.7515	NaN	-0.0340	-0.0350	50.2708	0.5687	NaN	NaN
19-Feb-2025 06:45:01	0.6679	-7.5641	NaN	-0.0410	-0.0420	50.2813	0.5520	NaN	NaN
19-Feb-2025 07:00:00	0.6388	-7.4332	NaN	-0.0270	-0.0270	50.2917	0.5316	NaN	NaN
19-Feb-2025 07:15:01	0.6169	-7.2774	NaN	-0.0080	-0.0080	50.3021	0.5171	NaN	NaN
19-Feb-2025 07:30:01	0.6089	-7.0319	NaN	-0.0030	-0.0030	50.3125	0.5152	NaN	NaN
19-Feb-2025 07:45:00	0.5533	-7.1101	NaN	0.0080	0.0080	50.3229	0.4689	NaN	NaN
19-Feb-2025 08:00:01	0.5588	-6.8506	NaN	0.0260	0.0260	50.3333	0.4778	NaN	NaN
19-Feb-2025 08:15:01	0.5660	-6.5463	NaN	0.0370	0.0380	50.3438	0.4890	NaN	NaN
19-Feb-2025 08:30:00	0.5026	-6.4312	NaN	0.0510	0.0510	50.3542	0.4384	NaN	NaN
19-Feb-2025 08:45:01	1.2661	-6.1934	NaN	0.0530	0.0540	50.3646	1.0678	NaN	NaN
19-Feb-2025 09:00:01	0.2125	-5.5415	NaN	0.0620	0.0620	50.3750	0.1994	NaN	NaN
19-Feb-2025 09:15:00	0.1897	-5.0443	NaN	0.0870	0.0870	50.3854	0.1821	NaN	NaN
19-Feb-2025 09:30:01	15.4113	-2.3503	NaN	0.1200	0.1210	50.3958	12.7301	NaN	NaN
19-Feb-2025 09:45:01	15.9263	-1.8026	NaN	0.1200	0.1210	50.4063	13.3522	NaN	NaN
19-Feb-2025 10:00:00	18.1884	-1.2238	NaN	0.1220	0.1230	50.4167	15.3697	NaN	NaN
19-Feb-2025 10:15:01	28.7615	-0.8663	NaN	0.1260	0.1270	50.4271	23.6665	NaN	NaN
19-Feb-2025 10:30:01	29.2664	-0.9142	NaN	0.1340	0.1350	50.4375	24.0103	NaN	NaN
19-Feb-2025 10:45:00	29.4881	-0.8156	NaN	0.1570	0.1580	50.4479	24.2486	NaN	NaN
19-Feb-2025 11:00:01	29.6133	-0.6954	NaN	0.1770	0.1780	50.4583	24.4312	NaN	NaN
19-Feb-2025 11:15:01	29.9753	-0.2333	NaN	0.1970	0.1990	50.4688	25.0489	NaN	NaN
19-Feb-2025 11:30:00	29.9595	-0.1822	NaN	0.2170	0.2190	50.4792	25.0752	NaN	NaN
19-Feb-2025 11:45:01	29.8592	0.1282	NaN	0.2370	0.2390	50.4896	25.2312	NaN	NaN
19-Feb-2025 12:00:01	29.7731	0.2754	NaN	0.2560	0.2580	50.5000	25.2752	NaN	NaN
19-Feb-2025 12:15:00	29.8601	0.4492	NaN	0.2680	0.2710	50.5104	25.4731	NaN	NaN
19-Feb-2025 12:30:01	30.2277	0.9354	NaN	0.2850	0.2870	50.5208	26.1295	NaN	NaN
19-Feb-2025 12:45:01	30.2996	1.1274	NaN	0.2990	0.3010	50.5313	26.3334	NaN	NaN
19-Feb-2025 13:00:00	30.4315	1.4881	NaN	0.3150	0.3180	50.5417	26.7163	NaN	NaN
19-Feb-2025 13:15:01	30.5900	1.7416	NaN	0.3300	0.3320	50.5521	27.0401	NaN	NaN
19-Feb-2025 13:30:01	30.7709	1.9272	NaN	0.3370	0.3400	50.5625	27.3310	NaN	NaN
19-Feb-2025 13:45:00	31.0742	1.9842	NaN	0.3480	0.3510	50.5729	27.6206	NaN	NaN
19-Feb-2025 14:00:01	31.0506	2.1549	NaN	0.3480	0.3510	50.5833	27.7369	NaN	NaN
19-Feb-2025 14:15:01	31.0462	2.1975	NaN	0.3560	0.3590	50.5938	27.7671	NaN	NaN
19-Feb-2025 14:30:00	30.9545	2.2833	NaN	0.3570	0.3600	50.6042	27.7607	NaN	NaN
19-Feb-2025 14:45:01	30.9441	2.3329	NaN	0.3660	0.3690	50.6146	27.7915	NaN	NaN
19-Feb-2025 15:00:01	30.8323	2.4451	NaN	0.3610	0.3640	50.6250	27.7891	NaN	NaN
19-Feb-2025 15:15:00	30.9547	1.9502	NaN	0.3460	0.3490	50.6354	27.4974	NaN	NaN
19-Feb-2025 15:30:01	31.2084	1.9480	NaN	0.3320	0.3340	50.6458	27.7000	NaN	NaN
19-Feb-2025 15:45:01	31.0327	2.4256	NaN	0.3270	0.3290	50.6563	27.9374	NaN	NaN
19-Feb-2025 16:00:00	31.2633	2.1868	NaN	0.3160	0.3190	50.6667	27.9347	NaN	NaN
19-Feb-2025 16:15:01	30.9273	2.1917	NaN	0.3010	0.3030	50.6771	27.6660	NaN	NaN
19-Feb-2025 16:30:01	30.9373	2.0395	NaN	0.2910	0.2930	50.6875	27.5538	NaN	NaN
19-Feb-2025 16:45:00	30.8239	2.0860	NaN	0.2790	0.2820	50.6979	27.4987	NaN	NaN
19-Feb-2025 17:00:01	30.7510	2.0524	NaN	0.2700	0.2720	50.7083	27.4133	NaN	NaN
19-Feb-2025 17:15:01	31.0011	1.5150	NaN	0.2600	0.2620	50.7188	27.1914	NaN	NaN
19-Feb-2025 17:30:00	30.6580	1.9267	NaN	0.2520	0.2540	50.7292	27.2395	NaN	NaN
19-Feb-2025 17:45:01	30.8269	1.5349	NaN	0.2400	0.2420	50.7396	27.0682	NaN	NaN
19-Feb-2025 18:00:01	30.9370	1.3596	NaN	0.2300	0.2320	50.7500	27.0183	NaN	NaN
19-Feb-2025 18:15:00	30.4222	2.1514	NaN	0.2300	0.2320	50.7604	27.2240	NaN	NaN
19-Feb-2025 18:30:01	30.3699	1.5014	NaN	0.2360	0.2380	50.7708	26.6774	NaN	NaN
19-Feb-2025 18:45:01	30.3479	1.9926	NaN	0.2360	0.2380	50.7813	27.0403	NaN	NaN
19-Feb-2025 19:00:00	30.5577	1.5522	NaN	0.2340	0.2360	50.7917	26.8667	NaN	NaN
19-Feb-2025 19:15:01	30.2371	2.2069	NaN	0.2340	0.2360	50.8021	27.1166	NaN	NaN
19-Feb-2025 19:30:01	30.6065	2.2536	NaN	0.2400	0.2420	50.8125	27.4539	NaN	NaN
19-Feb-2025 19:45:00	30.3324	2.1989	NaN	0.2520	0.2540	50.8229	27.1880	NaN	NaN
19-Feb-2025 20:00:01	30.7359	2.2794	NaN	0.2540	0.2560	50.8333	27.5796	NaN	NaN
19-Feb-2025 20:15:01	30.3974	1.7525	NaN	0.2560	0.2580	50.8438	26.8938	NaN	NaN
19-Feb-2025 20:30:00	29.8756	1.1411	NaN	0.2730	0.2760	50.8542	26.0084	NaN	NaN
19-Feb-2025 20:45:01	29.9003	0.9637	NaN	0.2860	0.2880	50.8646	25.8933	NaN	NaN
19-Feb-2025 21:00:01	30.7043	0.8691	NaN	0.2980	0.3010	50.8750	26.4524	NaN	NaN
19-Feb-2025 21:15:00	30.3916	0.8624	NaN	0.3150	0.3170	50.8854	26.2023	NaN	NaN
19-Feb-2025 21:30:01	30.2422	0.8590	NaN	0.3310	0.3340	50.8958	26.0825	NaN	NaN
19-Feb-2025 21:45:01	30.1773	0.9478	NaN	0.3460	0.3490	50.9063	26.0994	NaN	NaN
19-Feb-2025 22:00:00	30.3089	0.9296	NaN	0.3620	0.3640	50.9167	26.1889	NaN	NaN
19-Feb-2025 22:15:01	30.9497	1.0045	NaN	0.3840	0.3870	50.9271	26.7504	NaN	NaN
19-Feb-2025 22:30:01	31.2286	1.1943	NaN	0.4050	0.4090	50.9375	27.1190	NaN	NaN
19-Feb-2025 22:45:00	30.9982	1.5159	NaN	0.4240	0.4270	50.9479	27.1898	NaN	NaN
19-Feb-2025 23:00:01	30.8238	1.2967	NaN	0.4480	0.4510	50.9583	26.8794	NaN	NaN
19-Feb-2025 23:15:01	30.9400	1.2216	NaN	0.4690	0.4720	50.9688	26.9126	NaN	NaN
19-Feb-2025 23:30:00	31.1052	1.3529	NaN	0.4900	0.4930	50.9792	27.1465	NaN	NaN
19-Feb-2025 23:45:01	31.3359	1.5320	NaN	0.5120	0.5160	50.9896	27.4716	NaN	NaN
20-Feb-2025 00:00:01	31.3202	1.9839	NaN	0.5350	0.5390	51.0000	27.8189	NaN	NaN
20-Feb-2025 00:15:00	31.6747	2.0440	NaN	0.5600	0.5650	51.0104	28.1528	NaN	NaN
20-Feb-2025 00:30:01	31.6545	1.9405	NaN	0.5870	0.5920	51.0208	28.0532	NaN	NaN
20-Feb-2025 00:45:01	31.6272	1.9320	NaN	0.6090	0.6140	51.0313	28.0244	NaN	NaN
20-Feb-2025 01:00:00	31.6193	1.8097	NaN	0.6320	0.6370	51.0417	27.9198	NaN	NaN
20-Feb-2025 01:15:01	31.7567	2.1677	NaN	0.6500	0.6560	51.0521	28.3190	NaN	NaN
20-Feb-2025 01:30:01	31.5927	2.1051	NaN	0.6710	0.6770	51.0625	28.1359	NaN	NaN
20-Feb-2025 01:45:00	31.6139	1.9403	NaN	0.6860	0.6910	51.0729	28.0204	NaN	NaN
20-Feb-2025 02:00:01	31.8651	1.9424	NaN	0.7010	0.7060	51.0833	28.2240	NaN	NaN
20-Feb-2025 02:15:01	31.3512	1.7895	NaN	0.7130	0.7180	51.0938	27.6888	NaN	NaN
20-Feb-2025 02:30:00	31.3337	1.9355	NaN	0.7190	0.7240	51.1042	27.7912	NaN	NaN
20-Feb-2025 02:45:01	31.3802	1.8598	NaN	0.7180	0.7240	51.1146	27.7681	NaN	NaN
20-Feb-2025 03:00:01	31.2655	2.1500	NaN	0.7190	0.7240	51.1250	27.9073	NaN	NaN
20-Feb-2025 03:15:00	31.9169	1.9264	NaN	0.7070	0.7120	51.1354	28.2526	NaN	NaN
20-Feb-2025 03:30:01	31.8121	2.0331	NaN	0.6930	0.6980	51.1458	28.2548	NaN	NaN
20-Feb-2025 03:45:01	31.6264	2.1242	NaN	0.6710	0.6760	51.1563	28.1785	NaN	NaN
20-Feb-2025 04:00:00	31.7325	2.1443	NaN	0.6520	0.6570	51.1667	28.2805	NaN	NaN
20-Feb-2025 04:15:01	31.4522	1.6055	NaN	0.6300	0.6350	51.1771	27.6227	NaN	NaN
20-Feb-2025 04:30:01	31.3829	1.6942	NaN	0.6070	0.6120	51.1875	27.6381	NaN	NaN
20-Feb-2025 04:45:00	31.3148	1.7230	NaN	0.5890	0.5930	51.1979	27.6066	NaN	NaN
20-Feb-2025 05:00:01	31.3648	1.7045	NaN	0.5630	0.5680	51.2083	27.6319	NaN	NaN
20-Feb-2025 05:15:01	31.2124	1.5182	NaN	0.5380	0.5420	51.2188	27.3623	NaN	NaN
20-Feb-2025 05:30:00	31.2677	1.2749	NaN	0.5150	0.5190	51.2292	27.2135	NaN	NaN
20-Feb-2025 05:45:01	31.1667	1.2094	NaN	0.4910	0.4950	51.2396	27.0821	NaN	NaN
20-Feb-2025 06:00:01	31.1710	1.1216	NaN	0.4650	0.4690	51.2500	27.0163	NaN	NaN
20-Feb-2025 06:15:00	31.1369	1.1539	NaN	0.4440	0.4480	51.2604	27.0148	NaN	NaN
20-Feb-2025 06:30:01	31.2185	1.0307	NaN	0.4250	0.4280	51.2708	26.9820	NaN	NaN
20-Feb-2025 06:45:01	31.2072	0.9967	NaN	0.4050	0.4080	51.2813	26.9464	NaN	NaN
20-Feb-2025 07:00:00	31.2417	0.8744	NaN	0.3930	0.3960	51.2917	26.8770	NaN	NaN
20-Feb-2025 07:15:01	31.1466	0.9662	NaN	0.3770	0.3800	51.3021	26.8747	NaN	NaN
20-Feb-2025 07:30:01	31.1020	0.9705	NaN	0.3580	0.3610	51.3125	26.8433	NaN	NaN
20-Feb-2025 07:45:00	31.1401	0.8659	NaN	0.3380	0.3410	51.3229	26.7909	NaN	NaN
20-Feb-2025 08:00:01	31.0962	0.8865	NaN	0.3290	0.3310	51.3333	26.7728	NaN	NaN
20-Feb-2025 08:15:01	31.1201	0.8257	NaN	0.3150	0.3170	51.3438	26.7438	NaN	NaN
20-Feb-2025 08:30:00	31.0532	0.8669	NaN	0.3000	0.3030	51.3542	26.7238	NaN	NaN
20-Feb-2025 08:45:01	31.0317	0.8738	NaN	0.2810	0.2830	51.3646	26.7123	NaN	NaN
20-Feb-2025 09:00:01	30.9571	1.1338	NaN	0.2850	0.2880	51.3750	26.8573	NaN	NaN
20-Feb-2025 09:15:00	30.9965	1.1726	NaN	0.2790	0.2820	51.3854	26.9187	NaN	NaN
20-Feb-2025 09:30:01	30.9899	1.5243	NaN	0.2860	0.2880	51.3958	27.1898	NaN	NaN
20-Feb-2025 09:45:01	30.9066	1.3910	NaN	0.2910	0.2930	51.4063	27.0189	NaN	NaN
20-Feb-2025 10:00:00	30.9344	1.8539	NaN	0.2990	0.3010	51.4167	27.4049	NaN	NaN
20-Feb-2025 10:15:01	30.9615	1.6426	NaN	0.3210	0.3230	51.4271	27.2602	NaN	NaN
20-Feb-2025 10:30:01	30.8351	1.3390	NaN	0.3230	0.3260	51.4375	26.9213	NaN	NaN
20-Feb-2025 10:45:00	30.9513	1.2297	NaN	0.3380	0.3410	51.4479	26.9278	NaN	NaN
20-Feb-2025 11:00:01	30.9512	1.3100	NaN	0.3510	0.3540	51.4583	26.9907	NaN	NaN
20-Feb-2025 11:15:01	31.0618	0.9885	NaN	0.3680	0.3710	51.4688	26.8257	NaN	NaN
20-Feb-2025 11:30:00	31.1281	1.1376	NaN	0.3900	0.3930	51.4792	26.9950	NaN	NaN
20-Feb-2025 11:45:01	31.0529	1.0678	NaN	0.4070	0.4110	51.4896	26.8810	NaN	NaN
20-Feb-2025 12:00:01	31.2058	1.5614	NaN	0.4250	0.4290	51.5000	27.3912	NaN	NaN
20-Feb-2025 12:15:00	31.4483	2.0129	NaN	0.4370	0.4400	51.5104	27.9453	NaN	NaN
20-Feb-2025 12:30:01	31.5628	2.3976	NaN	0.4540	0.4580	51.5208	28.3473	NaN	NaN
20-Feb-2025 12:45:01	31.6538	2.6128	NaN	0.4700	0.4740	51.5313	28.5958	NaN	NaN
20-Feb-2025 13:00:00	31.6797	2.7423	NaN	0.4860	0.4900	51.5417	28.7220	NaN	NaN
20-Feb-2025 13:15:01	31.7696	2.6069	NaN	0.4990	0.5030	51.5521	28.6858	NaN	NaN
20-Feb-2025 13:30:01	31.5973	2.7078	NaN	0.5120	0.5160	51.5625	28.6264	NaN	NaN
20-Feb-2025 13:45:00	31.2574	2.6094	NaN	0.5250	0.5290	51.5729	28.2682	NaN	NaN
20-Feb-2025 14:00:01	31.2463	2.6369	NaN	0.5390	0.5430	51.5833	28.2811	NaN	NaN
20-Feb-2025 14:15:01	31.0752	2.8407	NaN	0.5470	0.5520	51.5938	28.3034	NaN	NaN
20-Feb-2025 14:30:00	30.9882	3.1306	NaN	0.5530	0.5580	51.6042	28.4631	NaN	NaN
20-Feb-2025 14:45:01	31.3515	3.1142	NaN	0.5590	0.5630	51.6146	28.7523	NaN	NaN
20-Feb-2025 15:00:01	31.5034	3.1447	NaN	0.5570	0.5610	51.6250	28.9031	NaN	NaN
20-Feb-2025 15:15:00	31.5051	3.1393	NaN	0.5510	0.5560	51.6354	28.9002	NaN	NaN
20-Feb-2025 15:30:01	31.9221	2.9227	NaN	0.5430	0.5470	51.6458	29.0689	NaN	NaN
20-Feb-2025 15:45:01	31.4719	2.6279	NaN	0.5270	0.5310	51.6563	28.4590	NaN	NaN
20-Feb-2025 16:00:00	31.4244	3.1788	NaN	0.5120	0.5160	51.6667	28.8651	NaN	NaN
20-Feb-2025 16:15:01	31.3934	3.0079	NaN	0.5000	0.5040	51.6771	28.7011	NaN	NaN
20-Feb-2025 16:30:01	31.4545	3.1096	NaN	0.4790	0.4830	51.6875	28.8340	NaN	NaN
20-Feb-2025 16:45:00	31.4246	2.8448	NaN	0.4650	0.4690	51.6979	28.5951	NaN	NaN
20-Feb-2025 17:00:01	31.0686	2.7390	NaN	0.4500	0.4540	51.7083	28.2166	NaN	NaN
20-Feb-2025 17:15:01	30.9517	2.6343	NaN	0.4320	0.4350	51.7188	28.0370	NaN	NaN
20-Feb-2025 17:30:00	30.9642	2.5424	NaN	0.4220	0.4250	51.7292	27.9742	NaN	NaN
20-Feb-2025 17:45:01	31.0726	2.4155	NaN	0.4090	0.4120	51.7396	27.9619	NaN	NaN
20-Feb-2025 18:00:01	30.9854	2.3836	NaN	0.3970	0.4000	51.7500	27.8654	NaN	NaN
20-Feb-2025 18:15:00	31.0102	2.3093	NaN	0.3850	0.3880	51.7604	27.8266	NaN	NaN
20-Feb-2025 18:30:01	31.0405	2.2842	NaN	0.3740	0.3770	51.7708	27.8313	NaN	NaN
20-Feb-2025 18:45:01	30.9911	2.4015	NaN	0.3620	0.3650	51.7813	27.8842	NaN	NaN
20-Feb-2025 19:00:00	31.0950	2.3489	NaN	0.3500	0.3530	51.7917	27.9272	NaN	NaN
20-Feb-2025 19:15:01	31.1000	2.3090	NaN	0.3440	0.3470	51.8021	27.8995	NaN	NaN
20-Feb-2025 19:30:01	31.1184	2.2760	NaN	0.3270	0.3300	51.8125	27.8882	NaN	NaN
20-Feb-2025 19:45:00	31.1183	2.2977	NaN	0.3230	0.3250	51.8229	27.9054	NaN	NaN
20-Feb-2025 20:00:01	30.9961	2.2497	NaN	0.3190	0.3220	51.8333	27.7678	NaN	NaN
20-Feb-2025 20:15:01	30.9478	2.1035	NaN	0.3100	0.3120	51.8438	27.6129	NaN	NaN
20-Feb-2025 20:30:00	30.9886	2.0552	NaN	0.3080	0.3100	51.8542	27.6077	NaN	NaN
20-Feb-2025 20:45:01	30.9798	2.1223	NaN	0.3070	0.3100	51.8646	27.6537	NaN	NaN
20-Feb-2025 21:00:01	31.0516	2.0691	NaN	0.3090	0.3110	51.8750	27.6696	NaN	NaN
20-Feb-2025 21:15:00	30.9770	2.0289	NaN	0.3020	0.3050	51.8854	27.5775	NaN	NaN
20-Feb-2025 21:30:01	31.0157	2.2036	NaN	0.3120	0.3140	51.8958	27.7472	NaN	NaN
20-Feb-2025 21:45:01	31.0649	2.5915	NaN	0.3150	0.3180	51.9063	28.0958	NaN	NaN
20-Feb-2025 22:00:00	30.9164	2.6273	NaN	0.3290	0.3310	51.9167	28.0024	NaN	NaN
20-Feb-2025 22:15:01	30.4880	2.2596	NaN	0.3410	0.3430	51.9271	27.3621	NaN	NaN
20-Feb-2025 22:30:01	30.5623	2.1857	NaN	0.3470	0.3500	51.9375	27.3647	NaN	NaN
20-Feb-2025 22:45:00	30.5995	2.0834	NaN	0.3610	0.3640	51.9479	27.3148	NaN	NaN
20-Feb-2025 23:00:01	30.7281	1.9150	NaN	0.3790	0.3820	51.9583	27.2869	NaN	NaN
20-Feb-2025 23:15:01	30.6631	1.9718	NaN	0.3990	0.4020	51.9688	27.2789	NaN	NaN
20-Feb-2025 23:30:00	30.6606	1.8990	NaN	0.4150	0.4180	51.9792	27.2200	NaN	NaN
20-Feb-2025 23:45:01	30.8662	1.8696	NaN	0.4330	0.4360	51.9896	27.3625	NaN	NaN