15-Feb-2025 00:00:08	30.8116	2.0376	NaN	0.7910	0.7980	46.0001	27.4508	NaN	NaN
15-Feb-2025 00:15:09	31.0026	1.7610	NaN	0.7760	0.7820	46.0105	27.3867	NaN	NaN
15-Feb-2025 00:30:09	30.7283	1.5264	NaN	0.7610	0.7670	46.0209	26.9831	NaN	NaN
15-Feb-2025 00:45:08	30.8151	1.6372	NaN	0.7470	0.7530	46.0314	27.1392	NaN	NaN
15-Feb-2025 01:00:09	30.7233	1.6324	NaN	0.7280	0.7340	46.0418	27.0619	NaN	NaN
15-Feb-2025 01:15:09	30.7195	1.4344	NaN	0.7090	0.7150	46.0522	26.9042	NaN	NaN
15-Feb-2025 01:30:08	30.6173	1.0448	NaN	0.6920	0.6970	46.0626	26.5204	NaN	NaN
15-Feb-2025 01:45:09	30.5938	1.0798	NaN	0.6740	0.6790	46.0730	26.5289	NaN	NaN
15-Feb-2025 02:00:09	30.5186	0.9731	NaN	0.6500	0.6550	46.0834	26.3873	NaN	NaN
15-Feb-2025 02:15:08	30.5223	1.1997	NaN	0.6270	0.6320	46.0939	26.5653	NaN	NaN
15-Feb-2025 02:30:09	30.4815	1.5050	NaN	0.6060	0.6110	46.1043	26.7694	NaN	NaN
15-Feb-2025 02:45:09	30.4470	1.5532	NaN	0.5880	0.5920	46.1147	26.7792	NaN	NaN
15-Feb-2025 03:00:08	30.4396	1.4996	NaN	0.5730	0.5780	46.1251	26.7318	NaN	NaN
15-Feb-2025 03:15:09	30.2804	1.3846	NaN	0.5550	0.5590	46.1355	26.5161	NaN	NaN
15-Feb-2025 03:30:09	30.4380	0.9854	NaN	0.5360	0.5400	46.1459	26.3334	NaN	NaN
15-Feb-2025 03:45:08	30.4239	0.8765	NaN	0.5180	0.5220	46.1564	26.2385	NaN	NaN
15-Feb-2025 04:00:09	30.4170	0.5789	NaN	0.5020	0.5060	46.1668	26.0046	NaN	NaN
15-Feb-2025 04:15:09	30.3881	0.9278	NaN	0.4880	0.4920	46.1772	26.2498	NaN	NaN
15-Feb-2025 04:30:08	30.3250	0.8826	NaN	0.4740	0.4780	46.1876	26.1655	NaN	NaN
15-Feb-2025 04:45:09	30.3002	0.8104	NaN	0.4610	0.4650	46.1980	26.0907	NaN	NaN
15-Feb-2025 05:00:09	30.3086	0.6987	NaN	0.4430	0.4460	46.2084	26.0118	NaN	NaN
15-Feb-2025 05:15:08	30.2976	0.5394	NaN	0.4280	0.4310	46.2189	25.8815	NaN	NaN
15-Feb-2025 05:30:09	30.3042	0.3764	NaN	0.4110	0.4150	46.2293	25.7623	NaN	NaN
15-Feb-2025 05:45:09	30.3811	0.1618	NaN	0.3990	0.4020	46.2397	25.6581	NaN	NaN
15-Feb-2025 06:00:08	30.5024	0.4522	NaN	0.3850	0.3880	46.2501	25.9737	NaN	NaN
15-Feb-2025 06:15:09	30.4644	0.3165	NaN	0.3740	0.3770	46.2605	25.8404	NaN	NaN
15-Feb-2025 06:30:09	30.4349	0.1297	NaN	0.3730	0.3760	46.2709	25.6748	NaN	NaN
15-Feb-2025 06:45:08	30.4323	0.1876	NaN	0.3830	0.3860	46.2814	25.7171	NaN	NaN
15-Feb-2025 07:00:09	30.7213	0.9353	NaN	0.3940	0.3970	46.2918	26.5172	NaN	NaN
15-Feb-2025 07:15:09	30.7220	0.6931	NaN	0.4080	0.4110	46.3022	26.3300	NaN	NaN
15-Feb-2025 07:30:10	30.6414	0.4697	NaN	0.4240	0.4270	46.3126	26.0948	NaN	NaN
15-Feb-2025 07:45:09	30.5577	0.1351	NaN	0.4440	0.4470	46.3230	25.7733	NaN	NaN
15-Feb-2025 08:00:09	30.5184	0.1964	NaN	0.4630	0.4660	46.3334	25.7901	NaN	NaN
15-Feb-2025 08:15:10	30.4152	0.3329	NaN	0.4820	0.4860	46.3439	25.8149	NaN	NaN
15-Feb-2025 08:30:09	30.4740	0.4770	NaN	0.5090	0.5130	46.3543	25.9708	NaN	NaN
15-Feb-2025 08:45:09	30.5217	0.4940	NaN	0.5380	0.5420	46.3647	26.0208	NaN	NaN
15-Feb-2025 09:00:08	30.7047	0.9475	NaN	0.5630	0.5680	46.3751	26.5137	NaN	NaN
15-Feb-2025 09:15:09	30.6714	0.8398	NaN	0.5940	0.5980	46.3855	26.4041	NaN	NaN
15-Feb-2025 09:30:09	30.6237	0.8154	NaN	0.6200	0.6250	46.3959	26.3478	NaN	NaN
15-Feb-2025 09:45:08	30.5873	0.8871	NaN	0.6500	0.6550	46.4064	26.3748	NaN	NaN
15-Feb-2025 10:00:09	30.5825	0.9785	NaN	0.6820	0.6870	46.4168	26.4417	NaN	NaN
15-Feb-2025 10:15:09	30.5822	1.0736	NaN	0.7080	0.7130	46.4272	26.5151	NaN	NaN
15-Feb-2025 10:30:08	30.5865	1.1431	NaN	0.7370	0.7430	46.4376	26.5723	NaN	NaN
15-Feb-2025 10:45:09	30.6274	1.2770	NaN	0.7560	0.7620	46.4480	26.7086	NaN	NaN
15-Feb-2025 11:00:09	30.6327	1.2385	NaN	0.7770	0.7830	46.4584	26.6829	NaN	NaN
15-Feb-2025 11:15:08	30.7012	1.3433	NaN	0.7920	0.7980	46.4689	26.8187	NaN	NaN
15-Feb-2025 11:30:09	30.7967	1.6607	NaN	0.8020	0.8090	46.4793	27.1428	NaN	NaN
15-Feb-2025 11:45:09	30.6758	1.4069	NaN	0.8080	0.8140	46.4897	26.8480	NaN	NaN
15-Feb-2025 12:00:08	30.7092	1.4987	NaN	0.8040	0.8110	46.5001	26.9462	NaN	NaN
15-Feb-2025 12:15:09	30.6920	1.4405	NaN	0.7920	0.7980	46.5105	26.8871	NaN	NaN
15-Feb-2025 12:30:09	30.6463	1.4184	NaN	0.7740	0.7810	46.5209	26.8335	NaN	NaN
15-Feb-2025 12:45:08	30.6599	1.5235	NaN	0.7580	0.7640	46.5314	26.9262	NaN	NaN
15-Feb-2025 13:00:09	30.6573	1.5540	NaN	0.7380	0.7440	46.5418	26.9479	NaN	NaN
15-Feb-2025 13:15:09	30.6433	1.5387	NaN	0.7170	0.7220	46.5522	26.9248	NaN	NaN
15-Feb-2025 13:30:08	30.5771	1.4620	NaN	0.6960	0.7020	46.5626	26.8123	NaN	NaN
15-Feb-2025 13:45:09	30.5877	1.5083	NaN	0.6750	0.6800	46.5730	26.8568	NaN	NaN
15-Feb-2025 14:00:09	30.6119	1.4837	NaN	0.6540	0.6590	46.5834	26.8570	NaN	NaN
15-Feb-2025 14:15:08	30.5429	1.4443	NaN	0.6290	0.6340	46.5939	26.7713	NaN	NaN
15-Feb-2025 14:30:09	30.5341	1.3921	NaN	0.6070	0.6120	46.6043	26.7238	NaN	NaN
15-Feb-2025 14:45:09	30.5001	1.4069	NaN	0.5880	0.5930	46.6147	26.7081	NaN	NaN
15-Feb-2025 15:00:08	30.4755	1.4108	NaN	0.5660	0.5700	46.6251	26.6916	NaN	NaN
15-Feb-2025 15:15:07	30.4834	1.4203	NaN	0.5450	0.5490	46.6355	26.7052	NaN	NaN
15-Feb-2025 15:30:09	30.4255	1.3850	NaN	0.5260	0.5300	46.6459	26.6319	NaN	NaN
15-Feb-2025 15:45:08	30.3783	1.3096	NaN	0.5050	0.5090	46.6564	26.5361	NaN	NaN
15-Feb-2025 16:00:09	30.2704	1.2325	NaN	0.4850	0.4890	46.6668	26.3910	NaN	NaN
15-Feb-2025 16:15:09	30.2362	1.1917	NaN	0.4640	0.4670	46.6772	26.3327	NaN	NaN
15-Feb-2025 16:30:08	30.2185	1.1671	NaN	0.4510	0.4540	46.6876	26.2998	NaN	NaN
15-Feb-2025 16:45:09	30.1499	1.0820	NaN	0.4350	0.4390	46.6980	26.1804	NaN	NaN
15-Feb-2025 17:00:09	30.0980	1.0691	NaN	0.4200	0.4230	46.7084	26.1296	NaN	NaN
15-Feb-2025 17:15:08	30.0082	1.0146	NaN	0.4040	0.4070	46.7189	26.0171	NaN	NaN
15-Feb-2025 17:30:09	29.9441	1.0049	NaN	0.3890	0.3920	46.7293	25.9592	NaN	NaN
15-Feb-2025 17:45:09	29.9548	0.9996	NaN	0.3710	0.3740	46.7397	25.9636	NaN	NaN
15-Feb-2025 18:00:08	29.9186	0.9660	NaN	0.3610	0.3640	46.7501	25.9095	NaN	NaN
15-Feb-2025 18:15:09	29.9370	0.9635	NaN	0.3530	0.3560	46.7605	25.9222	NaN	NaN
15-Feb-2025 18:30:09	29.9130	0.9559	NaN	0.3610	0.3630	46.7709	25.8975	NaN	NaN
15-Feb-2025 18:45:08	29.9452	0.9478	NaN	0.3680	0.3710	46.7814	25.9167	NaN	NaN
15-Feb-2025 19:00:09	29.9789	0.9180	NaN	0.3800	0.3830	46.7918	25.9206	NaN	NaN
15-Feb-2025 19:15:09	30.0264	0.8869	NaN	0.3910	0.3940	46.8022	25.9343	NaN	NaN
15-Feb-2025 19:30:08	30.1432	0.8749	NaN	0.4110	0.4140	46.8126	26.0170	NaN	NaN
15-Feb-2025 19:45:09	30.3510	1.1422	NaN	0.4360	0.4400	46.8230	26.3854	NaN	NaN
15-Feb-2025 20:00:09	30.3020	1.1723	NaN	0.4530	0.4560	46.8334	26.3698	NaN	NaN
15-Feb-2025 20:15:08	30.4916	1.0961	NaN	0.4740	0.4770	46.8439	26.4610	NaN	NaN
15-Feb-2025 20:30:09	30.4721	1.0086	NaN	0.5010	0.5050	46.8543	26.3780	NaN	NaN
15-Feb-2025 20:45:09	30.4006	0.9704	NaN	0.5310	0.5350	46.8647	26.2924	NaN	NaN
15-Feb-2025 21:00:08	30.3332	0.9288	NaN	0.5600	0.5640	46.8751	26.2075	NaN	NaN
15-Feb-2025 21:15:09	30.3310	0.8907	NaN	0.5940	0.5990	46.8855	26.1766	NaN	NaN
15-Feb-2025 21:30:09	30.3900	0.9492	NaN	0.6280	0.6330	46.8959	26.2678	NaN	NaN
15-Feb-2025 21:45:08	30.4994	1.0935	NaN	0.6600	0.6650	46.9064	26.4652	NaN	NaN
15-Feb-2025 22:00:09	30.5319	1.1407	NaN	0.7000	0.7060	46.9168	26.5273	NaN	NaN
15-Feb-2025 22:15:09	30.6813	1.3252	NaN	0.7290	0.7350	46.9272	26.7888	NaN	NaN
15-Feb-2025 22:30:08	30.7562	1.4749	NaN	0.7660	0.7720	46.9376	26.9651	NaN	NaN
15-Feb-2025 22:45:09	30.7785	1.5469	NaN	0.7900	0.7960	46.9480	27.0392	NaN	NaN
15-Feb-2025 23:00:09	30.8647	1.7079	NaN	0.8190	0.8260	46.9584	27.2343	NaN	NaN
15-Feb-2025 23:15:08	30.8301	1.6433	NaN	0.8510	0.8580	46.9688	27.1560	NaN	NaN
15-Feb-2025 23:30:07	30.7849	1.5538	NaN	0.8770	0.8840	46.9793	27.0497	NaN	NaN
15-Feb-2025 23:45:08	30.8643	1.6759	NaN	0.8930	0.9000	46.9897	27.2090	NaN	NaN
16-Feb-2025 00:00:08	30.8443	1.6551	NaN	0.8980	0.9050	47.0001	27.1766	NaN	NaN
16-Feb-2025 00:15:09	30.8311	1.6427	NaN	0.9130	0.9200	47.0105	27.1562	NaN	NaN
16-Feb-2025 00:30:09	30.7840	1.5728	NaN	0.9050	0.9120	47.0209	27.0639	NaN	NaN
16-Feb-2025 00:45:08	30.7976	1.6163	NaN	0.8960	0.9030	47.0314	27.1088	NaN	NaN
16-Feb-2025 01:00:09	30.7497	1.5553	NaN	0.8710	0.8780	47.0418	27.0227	NaN	NaN
16-Feb-2025 01:15:09	30.6910	1.4805	NaN	0.8510	0.8580	47.0522	26.9176	NaN	NaN
16-Feb-2025 01:30:08	30.6166	1.3755	NaN	0.8290	0.8360	47.0626	26.7766	NaN	NaN
16-Feb-2025 01:45:09	30.4089	1.1577	NaN	0.8170	0.8240	47.0730	26.4433	NaN	NaN
16-Feb-2025 02:00:09	30.3125	1.0967	NaN	0.7900	0.7960	47.0834	26.3202	NaN	NaN
16-Feb-2025 02:15:08	30.1737	1.0275	NaN	0.7630	0.7690	47.0939	26.1576	NaN	NaN
16-Feb-2025 02:30:09	30.1511	0.9923	NaN	0.7380	0.7430	47.1043	26.1129	NaN	NaN
16-Feb-2025 02:45:09	30.1383	0.9958	NaN	0.7190	0.7250	47.1147	26.1055	NaN	NaN
16-Feb-2025 03:00:08	30.0670	0.9919	NaN	0.7000	0.7050	47.1251	26.0463	NaN	NaN
16-Feb-2025 03:15:09	30.0360	0.9973	NaN	0.6690	0.6740	47.1355	26.0260	NaN	NaN
16-Feb-2025 03:30:09	29.9850	0.9947	NaN	0.6460	0.6510	47.1459	25.9839	NaN	NaN
16-Feb-2025 03:45:08	29.9710	1.0134	NaN	0.6150	0.6200	47.1564	25.9870	NaN	NaN
16-Feb-2025 04:00:09	29.8926	0.9804	NaN	0.5980	0.6020	47.1668	25.9001	NaN	NaN
16-Feb-2025 04:15:09	29.8972	0.9846	NaN	0.5730	0.5770	47.1772	25.9069	NaN	NaN
16-Feb-2025 04:30:08	29.8214	0.9800	NaN	0.5550	0.5590	47.1876	25.8437	NaN	NaN
16-Feb-2025 04:45:09	29.7551	0.9541	NaN	0.5330	0.5370	47.1980	25.7718	NaN	NaN
16-Feb-2025 05:00:09	29.7585	0.9273	NaN	0.5220	0.5260	47.2084	25.7543	NaN	NaN
16-Feb-2025 05:15:08	29.7619	0.9560	NaN	0.4970	0.5010	47.2189	25.7786	NaN	NaN
16-Feb-2025 05:30:09	29.7566	0.9673	NaN	0.4710	0.4750	47.2293	25.7830	NaN	NaN
16-Feb-2025 05:45:09	29.7256	0.9778	NaN	0.4640	0.4670	47.2397	25.7664	NaN	NaN
16-Feb-2025 06:00:08	29.7268	0.9754	NaN	0.4480	0.4510	47.2501	25.7655	NaN	NaN
16-Feb-2025 06:15:09	29.7309	0.9720	NaN	0.4320	0.4350	47.2605	25.7662	NaN	NaN
16-Feb-2025 06:30:09	29.7601	0.9620	NaN	0.4310	0.4350	47.2709	25.7817	NaN	NaN
16-Feb-2025 06:45:08	29.8074	0.9664	NaN	0.4340	0.4380	47.2814	25.8223	NaN	NaN
16-Feb-2025 07:00:09	29.9094	0.9904	NaN	0.4440	0.4480	47.2918	25.9208	NaN	NaN
16-Feb-2025 07:15:09	29.9121	1.0036	NaN	0.4610	0.4640	47.3022	25.9330	NaN	NaN
16-Feb-2025 07:30:08	30.0243	1.1167	NaN	0.4760	0.4800	47.3126	26.1077	NaN	NaN
16-Feb-2025 07:45:09	30.0975	1.1634	NaN	0.4940	0.4970	47.3230	26.2012	NaN	NaN
16-Feb-2025 08:00:09	30.1194	1.2103	NaN	0.5140	0.5180	47.3334	26.2544	NaN	NaN
16-Feb-2025 08:15:08	30.1244	1.2169	NaN	0.5370	0.5410	47.3439	26.2635	NaN	NaN
16-Feb-2025 08:30:09	30.1129	1.2151	NaN	0.5580	0.5620	47.3543	26.2529	NaN	NaN
16-Feb-2025 08:45:09	30.0986	1.2166	NaN	0.5850	0.5890	47.3647	26.2428	NaN	NaN
16-Feb-2025 09:00:08	30.0913	1.2158	NaN	0.6120	0.6170	47.3751	26.2364	NaN	NaN
16-Feb-2025 09:15:09	30.1375	1.2569	NaN	0.6380	0.6430	47.3855	26.3044	NaN	NaN
16-Feb-2025 09:30:09	30.1596	1.2818	NaN	0.6670	0.6730	47.3959	26.3411	NaN	NaN
16-Feb-2025 09:45:08	30.2203	1.3482	NaN	0.6950	0.7000	47.4064	26.4403	NaN	NaN
16-Feb-2025 10:00:09	30.2837	1.4552	NaN	0.7260	0.7310	47.4168	26.5732	NaN	NaN
16-Feb-2025 10:15:09	30.3312	1.5098	NaN	0.7570	0.7630	47.4272	26.6532	NaN	NaN
16-Feb-2025 10:30:08	30.3533	1.5509	NaN	0.7820	0.7880	47.4376	26.7026	NaN	NaN
16-Feb-2025 10:45:09	30.3778	1.5781	NaN	0.8050	0.8120	47.4480	26.7433	NaN	NaN
16-Feb-2025 11:00:09	30.3701	1.6016	NaN	0.8210	0.8280	47.4584	26.7553	NaN	NaN
16-Feb-2025 11:15:08	30.3566	1.6318	NaN	0.8370	0.8440	47.4689	26.7679	NaN	NaN
16-Feb-2025 11:30:09	30.3769	1.6437	NaN	0.8530	0.8600	47.4793	26.7933	NaN	NaN
16-Feb-2025 11:45:09	30.3749	1.6566	NaN	0.8620	0.8690	47.4897	26.8017	NaN	NaN
16-Feb-2025 12:00:08	30.3774	1.6674	NaN	0.8730	0.8800	47.5001	26.8121	NaN	NaN
16-Feb-2025 12:15:07	30.3344	1.6460	NaN	0.8690	0.8760	47.5105	26.7610	NaN	NaN
16-Feb-2025 12:30:08	30.2397	1.6160	NaN	0.8570	0.8630	47.5209	26.6620	NaN	NaN
16-Feb-2025 12:45:08	30.2154	1.6508	NaN	0.8420	0.8490	47.5313	26.6693	NaN	NaN
16-Feb-2025 13:00:09	30.2067	1.6703	NaN	0.8150	0.8210	47.5418	26.6774	NaN	NaN
16-Feb-2025 13:15:09	30.1872	1.6532	NaN	0.7910	0.7980	47.5522	26.6485	NaN	NaN
16-Feb-2025 13:30:08	30.1388	1.6302	NaN	0.7720	0.7780	47.5626	26.5920	NaN	NaN
16-Feb-2025 13:45:09	30.1117	1.6153	NaN	0.7470	0.7530	47.5730	26.5589	NaN	NaN
16-Feb-2025 14:00:09	30.0707	1.5629	NaN	0.7220	0.7270	47.5834	26.4858	NaN	NaN
16-Feb-2025 14:15:08	30.0527	1.5170	NaN	0.6910	0.6970	47.5939	26.4362	NaN	NaN
16-Feb-2025 14:30:09	30.0626	1.5371	NaN	0.6610	0.6660	47.6043	26.4595	NaN	NaN
16-Feb-2025 14:45:09	30.0395	1.5122	NaN	0.6340	0.6390	47.6147	26.4219	NaN	NaN
16-Feb-2025 15:00:08	30.0451	1.5323	NaN	0.6140	0.6190	47.6251	26.4417	NaN	NaN
16-Feb-2025 15:15:09	30.0238	1.5403	NaN	0.5910	0.5950	47.6355	26.4308	NaN	NaN
16-Feb-2025 15:30:09	29.8381	1.4685	NaN	0.5730	0.5780	47.6459	26.2275	NaN	NaN
16-Feb-2025 15:45:08	29.7848	1.4568	NaN	0.5550	0.5600	47.6564	26.1760	NaN	NaN
16-Feb-2025 16:00:09	29.6919	1.4458	NaN	0.5350	0.5390	47.6668	26.0933	NaN	NaN
16-Feb-2025 16:15:09	29.0585	1.6218	NaN	0.5190	0.5230	47.6772	25.7173	NaN	NaN
16-Feb-2025 16:30:08	29.1609	1.7149	NaN	0.5010	0.5050	47.6876	25.8693	NaN	NaN
16-Feb-2025 16:45:07	29.1721	1.7465	NaN	0.5030	0.5070	47.6980	25.9020	NaN	NaN
16-Feb-2025 17:00:08	29.2151	1.7905	NaN	0.4850	0.4890	47.7084	25.9697	NaN	NaN
16-Feb-2025 17:15:08	29.2718	1.7967	NaN	0.4820	0.4850	47.7188	26.0202	NaN	NaN
16-Feb-2025 17:30:09	29.3690	1.8200	NaN	0.4710	0.4740	47.7293	26.1163	NaN	NaN
16-Feb-2025 17:45:09	29.3775	1.8109	NaN	0.4520	0.4550	47.7397	26.1163	NaN	NaN
16-Feb-2025 18:00:08	29.3943	1.8540	NaN	0.4460	0.4500	47.7501	26.1624	NaN	NaN
16-Feb-2025 18:15:09	29.4064	1.8860	NaN	0.4420	0.4450	47.7605	26.1963	NaN	NaN
16-Feb-2025 18:30:09	29.4119	1.9242	NaN	0.4270	0.4300	47.7709	26.2295	NaN	NaN
16-Feb-2025 18:45:08	29.4006	1.9716	NaN	0.4420	0.4460	47.7814	26.2562	NaN	NaN
16-Feb-2025 19:00:09	29.3814	2.0097	NaN	0.4520	0.4560	47.7918	26.2694	NaN	NaN
16-Feb-2025 19:15:09	29.3411	2.0659	NaN	0.4730	0.4760	47.8022	26.2789	NaN	NaN
16-Feb-2025 19:30:08	29.3369	2.1160	NaN	0.4780	0.4820	47.8126	26.3134	NaN	NaN
16-Feb-2025 19:45:09	29.3147	2.1840	NaN	0.5210	0.5250	47.8230	26.3466	NaN	NaN
16-Feb-2025 20:00:08	29.2991	2.2582	NaN	0.5360	0.5400	47.8334	26.3898	NaN	NaN
16-Feb-2025 20:15:08	29.3214	2.2908	NaN	0.5630	0.5670	47.8438	26.4327	NaN	NaN
16-Feb-2025 20:30:07	29.3602	2.2918	NaN	0.5940	0.5990	47.8543	26.4652	NaN	NaN
16-Feb-2025 20:45:08	29.3440	2.4858	NaN	0.6150	0.6190	47.8647	26.5989	NaN	NaN
16-Feb-2025 21:00:08	29.1913	2.6110	NaN	0.6610	0.6660	47.8751	26.5675	NaN	NaN
16-Feb-2025 21:15:07	29.2479	2.7101	NaN	0.6930	0.6990	47.8855	26.6894	NaN	NaN
16-Feb-2025 21:30:08	29.2860	2.5031	NaN	0.7160	0.7220	47.8959	26.5642	NaN	NaN
16-Feb-2025 21:45:08	29.2332	2.8294	NaN	0.7500	0.7550	47.9064	26.7676	NaN	NaN
16-Feb-2025 22:00:09	29.7844	3.1860	NaN	0.7770	0.7830	47.9168	27.5008	NaN	NaN
16-Feb-2025 22:15:08	29.5393	2.6754	NaN	0.7830	0.7890	47.9272	26.9044	NaN	NaN
16-Feb-2025 22:30:08	29.5698	2.6138	NaN	0.8010	0.8070	47.9376	26.8825	NaN	NaN
16-Feb-2025 22:45:09	29.5156	2.6768	NaN	0.8010	0.8070	47.9480	26.8859	NaN	NaN
16-Feb-2025 23:00:09	29.5239	2.6928	NaN	0.8090	0.8160	47.9584	26.9050	NaN	NaN
16-Feb-2025 23:15:08	29.4477	2.5640	NaN	0.8180	0.8240	47.9689	26.7438	NaN	NaN
16-Feb-2025 23:30:09	29.3924	2.6466	NaN	0.8200	0.8260	47.9793	26.7609	NaN	NaN
16-Feb-2025 23:45:08	29.3432	2.5050	NaN	0.8350	0.8420	47.9897	26.6128	NaN	NaN
17-Feb-2025 00:00:08	29.3638	2.4279	NaN	0.8370	0.8430	48.0001	26.5713	NaN	NaN
17-Feb-2025 00:15:07	29.3450	2.5593	NaN	0.8240	0.8300	48.0105	26.6555	NaN	NaN
17-Feb-2025 00:30:08	29.3692	2.5883	NaN	0.8200	0.8270	48.0209	26.6975	NaN	NaN
17-Feb-2025 00:45:08	29.4136	2.7741	NaN	0.8010	0.8070	48.0313	26.8755	NaN	NaN
17-Feb-2025 01:00:07	29.3281	2.7769	NaN	0.7780	0.7840	48.0418	26.8066	NaN	NaN
17-Feb-2025 01:15:08	29.2639	2.7440	NaN	0.7680	0.7740	48.0522	26.7283	NaN	NaN
17-Feb-2025 01:30:08	29.1564	2.7006	NaN	0.7450	0.7500	48.0626	26.6063	NaN	NaN
17-Feb-2025 01:45:07	29.0828	2.6552	NaN	0.7090	0.7140	48.0730	26.5110	NaN	NaN
17-Feb-2025 02:00:08	28.9475	2.5926	NaN	0.6840	0.6890	48.0834	26.3519	NaN	NaN
17-Feb-2025 02:15:08	28.9462	2.5573	NaN	0.6670	0.6720	48.0939	26.3243	NaN	NaN
17-Feb-2025 02:30:09	28.8328	2.4932	NaN	0.6440	0.6490	48.1043	26.1827	NaN	NaN
17-Feb-2025 02:45:09	28.7713	2.4525	NaN	0.6230	0.6270	48.1147	26.1016	NaN	NaN
17-Feb-2025 03:00:08	28.7736	2.4255	NaN	0.5960	0.6000	48.1251	26.0834	NaN	NaN
17-Feb-2025 03:15:09	28.6952	2.3665	NaN	0.5750	0.5800	48.1355	25.9749	NaN	NaN
17-Feb-2025 03:30:09	28.4484	2.2209	NaN	0.5520	0.5560	48.1459	25.6644	NaN	NaN
17-Feb-2025 03:45:08	28.4228	2.1905	NaN	0.5290	0.5330	48.1564	25.6211	NaN	NaN
17-Feb-2025 04:00:09	28.5800	2.2274	NaN	0.4980	0.5020	48.1668	25.7772	NaN	NaN
17-Feb-2025 04:15:09	28.5664	2.1645	NaN	0.4700	0.4730	48.1772	25.7197	NaN	NaN
17-Feb-2025 04:30:08	28.5404	2.0930	NaN	0.4500	0.4540	48.1876	25.6457	NaN	NaN
17-Feb-2025 04:45:09	28.4880	2.0151	NaN	0.4310	0.4340	48.1980	25.5456	NaN	NaN
17-Feb-2025 05:00:09	28.4954	1.9666	NaN	0.4130	0.4170	48.2084	25.5160	NaN	NaN
17-Feb-2025 05:15:08	28.5002	1.9191	NaN	0.3910	0.3950	48.2188	25.4850	NaN	NaN
17-Feb-2025 05:30:07	28.4665	1.8580	NaN	0.3670	0.3700	48.2293	25.4127	NaN	NaN
17-Feb-2025 05:45:08	28.3736	1.6997	NaN	0.3450	0.3480	48.2397	25.2216	NaN	NaN
17-Feb-2025 06:00:08	28.2928	1.5856	NaN	0.3270	0.3300	48.2501	25.0732	NaN	NaN
17-Feb-2025 06:15:07	28.0798	1.4574	NaN	0.2960	0.2990	48.2605	24.8087	NaN	NaN
17-Feb-2025 06:30:08	27.9355	1.3222	NaN	0.2960	0.2980	48.2709	24.5954	NaN	NaN
17-Feb-2025 06:45:08	27.8455	1.1461	NaN	0.2640	0.2660	48.2814	24.3974	NaN	NaN
17-Feb-2025 07:00:09	27.8263	1.0231	NaN	0.2620	0.2640	48.2918	24.2945	NaN	NaN
17-Feb-2025 07:15:09	27.8482	0.8912	NaN	0.2410	0.2430	48.3022	24.2180	NaN	NaN
17-Feb-2025 07:30:08	27.7963	0.8713	NaN	0.2280	0.2300	48.3126	24.1626	NaN	NaN
17-Feb-2025 07:45:09	27.9732	1.0069	NaN	0.2230	0.2250	48.3230	24.3998	NaN	NaN
17-Feb-2025 08:00:09	27.7949	0.6574	NaN	0.1970	0.1990	48.3334	24.0098	NaN	NaN
17-Feb-2025 08:15:08	27.7331	0.5583	NaN	0.1990	0.2010	48.3439	23.8911	NaN	NaN
17-Feb-2025 08:30:09	27.7595	0.5850	NaN	0.1910	0.1930	48.3543	23.9307	NaN	NaN
17-Feb-2025 08:45:09	27.6921	0.5130	NaN	0.1780	0.1790	48.3647	23.8269	NaN	NaN
17-Feb-2025 09:00:08	27.6772	0.5037	NaN	0.1620	0.1630	48.3751	23.8086	NaN	NaN
17-Feb-2025 09:15:09	27.6523	0.5289	NaN	0.1680	0.1700	48.3855	23.8068	NaN	NaN
17-Feb-2025 09:30:09	27.7390	0.5936	NaN	0.1770	0.1790	48.3959	23.9206	NaN	NaN
17-Feb-2025 09:45:08	27.6283	0.6286	NaN	0.1670	0.1690	48.4064	23.8582	NaN	NaN
17-Feb-2025 10:00:09	27.6170	0.6746	NaN	0.1770	0.1780	48.4168	23.8817	NaN	NaN
17-Feb-2025 10:15:09	27.6304	0.7461	NaN	0.1930	0.1940	48.4272	23.9427	NaN	NaN
17-Feb-2025 10:30:08	27.6658	0.8111	NaN	0.1940	0.1960	48.4376	24.0166	NaN	NaN
17-Feb-2025 10:45:09	27.9464	0.9641	NaN	0.1970	0.1980	48.4480	24.3479	NaN	NaN
17-Feb-2025 11:00:09	27.9532	1.0561	NaN	0.2080	0.2090	48.4584	24.4190	NaN	NaN
17-Feb-2025 11:15:08	27.9206	1.0913	NaN	0.2080	0.2100	48.4689	24.4182	NaN	NaN
17-Feb-2025 11:30:09	28.0279	1.2527	NaN	0.2210	0.2230	48.4793	24.6196	NaN	NaN
17-Feb-2025 11:45:09	28.4770	1.5913	NaN	0.2290	0.2310	48.4897	25.2260	NaN	NaN
17-Feb-2025 12:00:08	28.6594	1.7251	NaN	0.2300	0.2310	48.5001	25.4715	NaN	NaN
17-Feb-2025 12:15:09	28.7581	1.8655	NaN	0.2160	0.2170	48.5105	25.6551	NaN	NaN
17-Feb-2025 12:30:09	28.7677	1.9368	NaN	0.2330	0.2350	48.5209	25.7156	NaN	NaN
17-Feb-2025 12:45:08	28.8106	2.0562	NaN	0.2270	0.2290	48.5314	25.8391	NaN	NaN
17-Feb-2025 13:00:09	28.6945	2.0528	NaN	0.2290	0.2310	48.5418	25.7419	NaN	NaN
17-Feb-2025 13:15:09	28.6500	2.0619	NaN	0.2100	0.2120	48.5522	25.7122	NaN	NaN
17-Feb-2025 13:30:08	28.4867	2.0300	NaN	0.2100	0.2120	48.5626	25.5553	NaN	NaN
17-Feb-2025 13:45:07	28.2130	2.0225	NaN	0.2020	0.2040	48.5730	25.3262	NaN	NaN
17-Feb-2025 14:00:08	28.2051	2.1398	NaN	0.1920	0.1930	48.5834	25.4053	NaN	NaN
17-Feb-2025 14:15:08	28.2120	2.2995	NaN	0.1870	0.1880	48.5938	25.5275	NaN	NaN
17-Feb-2025 14:30:07	28.2056	2.2945	NaN	0.1740	0.1750	48.6043	25.5185	NaN	NaN
17-Feb-2025 14:45:08	28.1474	2.3565	NaN	0.1600	0.1620	48.6147	25.5158	NaN	NaN
17-Feb-2025 15:00:08	28.1515	2.4306	NaN	0.1550	0.1560	48.6251	25.5733	NaN	NaN
17-Feb-2025 15:15:09	28.1559	2.4669	NaN	0.1430	0.1440	48.6355	25.6034	NaN	NaN
17-Feb-2025 15:30:09	28.2440	2.6353	NaN	0.1280	0.1290	48.6459	25.7998	NaN	NaN
17-Feb-2025 15:45:08	28.3662	2.6272	NaN	0.1170	0.1180	48.6564	25.8953	NaN	NaN
17-Feb-2025 16:00:09	28.4445	2.6031	NaN	0.1120	0.1130	48.6668	25.9426	NaN	NaN
17-Feb-2025 16:15:09	28.4409	2.6296	NaN	0.0950	0.0960	48.6772	25.9592	NaN	NaN
17-Feb-2025 16:30:08	28.3030	2.7234	NaN	0.0830	0.0840	48.6876	25.9135	NaN	NaN
17-Feb-2025 16:45:09	28.2496	2.6616	NaN	0.0740	0.0750	48.6980	25.8238	NaN	NaN
17-Feb-2025 17:00:08	28.2321	2.6037	NaN	0.0620	0.0620	48.7084	25.7666	NaN	NaN
17-Feb-2025 17:15:08	28.2079	2.4689	NaN	0.0570	0.0580	48.7188	25.6479	NaN	NaN
17-Feb-2025 17:30:07	28.1695	2.3275	NaN	0.0360	0.0360	48.7293	25.5128	NaN	NaN
17-Feb-2025 17:45:08	28.0112	2.1906	NaN	0.0220	0.0220	48.7397	25.2829	NaN	NaN
17-Feb-2025 18:00:08	27.6960	2.1419	NaN	0.0120	0.0120	48.7501	24.9887	NaN	NaN
17-Feb-2025 18:15:07	19.7236	1.9366	NaN	0.0070	0.0070	48.7605	18.2073	NaN	NaN
17-Feb-2025 18:30:08	16.4336	1.9221	NaN	0	0	48.7709	15.3859	NaN	NaN
17-Feb-2025 18:45:08	13.8830	1.8378	NaN	1.0000e-03	1.0000e-03	48.7813	13.1351	NaN	NaN
17-Feb-2025 19:00:07	13.7551	1.6377	NaN	-0.0090	-0.0090	48.7918	12.9468	NaN	NaN
17-Feb-2025 19:15:08	13.4349	1.5157	NaN	-0.0020	-0.0020	48.8022	12.6222	NaN	NaN
17-Feb-2025 19:30:08	2.4988	1.3450	NaN	-0.0150	-0.0150	48.8126	2.6064	NaN	NaN
17-Feb-2025 19:45:09	3.4363	1.2281	NaN	-0.0190	-0.0190	48.8230	3.5068	NaN	NaN
17-Feb-2025 20:00:09	2.8535	0.9801	NaN	-0.0320	-0.0320	48.8334	2.9215	NaN	NaN
17-Feb-2025 20:15:08	2.0724	0.8328	NaN	-0.0330	-0.0330	48.8439	2.1500	NaN	NaN
17-Feb-2025 20:30:09	2.5734	0.6757	NaN	-0.0320	-0.0320	48.8543	2.6256	NaN	NaN
17-Feb-2025 20:45:09	2.0883	0.5612	NaN	-0.0310	-0.0310	48.8647	2.1475	NaN	NaN
17-Feb-2025 21:00:08	1.4992	0.5042	NaN	-0.0330	-0.0330	48.8751	1.5657	NaN	NaN
17-Feb-2025 21:15:09	1.2341	0.3239	NaN	-0.0310	-0.0320	48.8855	1.2939	NaN	NaN
17-Feb-2025 21:30:09	1.2912	0.2856	NaN	-0.0250	-0.0250	48.8959	1.3493	NaN	NaN
17-Feb-2025 21:45:08	1.1923	0.2497	NaN	-0.0160	-0.0160	48.9064	1.2493	NaN	NaN
17-Feb-2025 22:00:09	1.2183	0.1473	NaN	-0.0180	-0.0180	48.9168	1.2712	NaN	NaN
17-Feb-2025 22:15:09	1.1256	-0.0672	NaN	0.0050	0.0050	48.9272	1.1711	NaN	NaN
17-Feb-2025 22:30:08	0.9841	-0.1436	NaN	0.0210	0.0210	48.9376	1.0278	NaN	NaN
17-Feb-2025 22:45:09	1.0597	-0.1105	NaN	0.0330	0.0330	48.9480	1.1041	NaN	NaN
17-Feb-2025 23:00:09	1.4100	-0.0889	NaN	0.0500	0.0500	48.9584	1.4500	NaN	NaN
17-Feb-2025 23:15:08	1.1229	-0.2318	NaN	0.0670	0.0680	48.9689	1.1623	NaN	NaN
17-Feb-2025 23:30:09	1.0571	-0.3397	NaN	0.0780	0.0790	48.9793	1.0936	NaN	NaN
17-Feb-2025 23:45:09	28.4004	-0.3965	NaN	0.1020	0.1030	48.9897	23.7296	NaN	NaN
18-Feb-2025 00:00:10	28.4729	-0.4564	NaN	0.1180	0.1190	49.0001	23.7420	NaN	NaN
18-Feb-2025 00:15:09	28.5273	-0.4668	NaN	0.1360	0.1370	49.0105	23.7759	NaN	NaN
18-Feb-2025 00:30:09	28.5551	-0.3953	NaN	0.1500	0.1520	49.0209	23.8484	NaN	NaN
18-Feb-2025 00:45:10	28.5751	-0.4577	NaN	0.1680	0.1690	49.0314	23.8189	NaN	NaN
18-Feb-2025 01:00:09	28.5857	-0.5158	NaN	0.1770	0.1790	49.0418	23.7853	NaN	NaN
18-Feb-2025 01:15:09	28.6032	-0.5595	NaN	0.1920	0.1930	49.0522	23.7672	NaN	NaN
18-Feb-2025 01:30:10	28.6026	-0.6598	NaN	0.1910	0.1930	49.0626	23.6949	NaN	NaN
18-Feb-2025 01:45:09	28.6587	-0.6018	NaN	0.1900	0.1910	49.0730	23.7789	NaN	NaN
18-Feb-2025 02:00:09	28.6915	-0.6519	NaN	0.1880	0.1890	49.0834	23.7677	NaN	NaN
18-Feb-2025 02:15:10	28.7044	-0.7255	NaN	0.1810	0.1820	49.0939	23.7247	NaN	NaN
18-Feb-2025 02:30:09	28.7190	-0.7798	NaN	0.1740	0.1760	49.1043	23.6967	NaN	NaN
18-Feb-2025 02:45:09	28.7233	-0.8520	NaN	0.1630	0.1640	49.1147	23.6481	NaN	NaN
18-Feb-2025 03:00:10	28.6958	-1.0570	NaN	0.1490	0.1500	49.1251	23.4807	NaN	NaN
18-Feb-2025 03:15:09	28.6631	-1.2976	NaN	0.1430	0.1440	49.1355	23.2847	NaN	NaN
18-Feb-2025 03:30:09	28.5860	-1.4413	NaN	0.1240	0.1250	49.1459	23.1253	NaN	NaN
18-Feb-2025 03:45:10	28.5697	-1.5270	NaN	0.1200	0.1210	49.1564	23.0526	NaN	NaN
18-Feb-2025 04:00:11	28.5596	-1.5582	NaN	0.1090	0.1100	49.1668	23.0230	NaN	NaN
18-Feb-2025 04:15:11	28.4544	-1.5952	NaN	0.1010	0.1020	49.1772	22.9194	NaN	NaN
18-Feb-2025 04:30:10	28.5789	-1.6379	NaN	0.0910	0.0920	49.1876	22.9809	NaN	NaN
18-Feb-2025 04:45:11	28.5671	-1.6579	NaN	0.0810	0.0810	49.1980	22.9580	NaN	NaN
18-Feb-2025 05:00:11	29.5291	-1.6424	NaN	0.0800	0.0810	49.2085	23.6743	NaN	NaN
18-Feb-2025 05:15:10	14.2853	-1.6278	NaN	0.0720	0.0720	49.2189	12.1403	NaN	NaN
18-Feb-2025 05:30:09	13.9363	-1.6088	NaN	0.0660	0.0660	49.2293	11.8724	NaN	NaN
18-Feb-2025 05:45:09	13.8398	-1.6073	NaN	0.0600	0.0600	49.2397	11.7968	NaN	NaN
18-Feb-2025 06:00:10	13.7831	-1.6017	NaN	0.0520	0.0530	49.2501	11.7540	NaN	NaN
18-Feb-2025 06:15:09	5.8638	-1.5998	NaN	0.0490	0.0490	49.2605	5.3033	NaN	NaN
18-Feb-2025 06:30:09	1.0859	-1.6015	NaN	0.0390	0.0400	49.2709	1.0777	NaN	NaN
18-Feb-2025 06:45:10	0.6596	-1.6077	NaN	0.0340	0.0340	49.2814	0.6694	NaN	NaN
18-Feb-2025 07:00:09	0.4874	-1.6039	NaN	0.0290	0.0300	49.2918	0.5013	NaN	NaN
18-Feb-2025 07:15:09	0.3966	-1.6163	NaN	0.0240	0.0240	49.3022	0.4113	NaN	NaN
18-Feb-2025 07:30:10	0.3464	-1.6077	NaN	0.0190	0.0200	49.3126	0.3614	NaN	NaN
18-Feb-2025 07:45:09	0.3193	-1.6072	NaN	0.0150	0.0150	49.3230	0.3343	NaN	NaN
18-Feb-2025 08:00:11	0.3042	-1.6051	NaN	0.0150	0.0150	49.3335	0.3192	NaN	NaN
18-Feb-2025 08:15:10	0.3026	-1.6057	NaN	0.0120	0.0120	49.3439	0.3176	NaN	NaN
18-Feb-2025 08:30:11	0.3005	-1.6076	NaN	0.0070	0.0070	49.3543	0.3155	NaN	NaN
18-Feb-2025 08:45:11	0.3028	-1.6028	NaN	0.0020	0.0020	49.3647	0.3178	NaN	NaN
18-Feb-2025 09:00:10	0.3042	-1.6002	NaN	-0.0030	-0.0030	49.3751	0.3193	NaN	NaN
18-Feb-2025 09:15:09	0.3097	-1.6012	NaN	-0.0030	-0.0030	49.3855	0.3248	NaN	NaN
18-Feb-2025 09:30:09	0.3129	-1.5990	NaN	-0.0030	-0.0030	49.3959	0.3280	NaN	NaN
18-Feb-2025 09:45:10	0.3098	-1.5297	NaN	-0.0050	-0.0050	49.4064	0.3256	NaN	NaN
18-Feb-2025 10:00:09	0.3108	-1.4450	NaN	-0.0080	-0.0080	49.4168	0.3275	NaN	NaN
18-Feb-2025 10:15:09	0.3049	-1.3651	NaN	-0.0060	-0.0060	49.4272	0.3224	NaN	NaN
18-Feb-2025 10:30:10	0.3026	-1.3018	NaN	0.0020	0.0020	49.4376	0.3207	NaN	NaN
18-Feb-2025 10:45:09	0.3159	-1.2079	NaN	0.0110	0.0110	49.4480	0.3352	NaN	NaN
18-Feb-2025 11:00:09	0.2962	-1.1183	NaN	0.0140	0.0140	49.4584	0.3160	NaN	NaN
18-Feb-2025 11:15:10	0.3273	-1.0406	NaN	0.0160	0.0160	49.4689	0.3485	NaN	NaN
18-Feb-2025 11:30:09	0.3560	-0.9746	NaN	0.0210	0.0210	49.4793	0.3785	NaN	NaN
18-Feb-2025 11:45:09	0.4808	-0.8518	NaN	0.0290	0.0290	49.4897	0.5067	NaN	NaN
18-Feb-2025 12:00:10	0.6160	-0.7350	NaN	0.0330	0.0330	49.5001	0.6448	NaN	NaN
18-Feb-2025 12:15:09	2.9136	-0.6638	NaN	0.0510	0.0510	49.5105	2.8316	NaN	NaN
18-Feb-2025 12:30:09	13.4472	-0.6050	NaN	0.0520	0.0520	49.5209	11.8500	NaN	NaN
18-Feb-2025 12:45:10	14.9733	-0.5019	NaN	0.0730	0.0730	49.5314	13.1311	NaN	NaN
18-Feb-2025 13:00:09	16.3201	-0.3789	NaN	0.0780	0.0780	49.5418	14.2725	NaN	NaN
18-Feb-2025 13:15:09	29.1058	-0.2312	NaN	0.0860	0.0870	49.5522	24.3873	NaN	NaN
18-Feb-2025 13:30:10	29.1109	-0.1361	NaN	0.0930	0.0940	49.5626	24.4608	NaN	NaN
18-Feb-2025 13:45:09	29.1085	-0.1340	NaN	0.0970	0.0980	49.5730	24.4605	NaN	NaN
18-Feb-2025 14:00:09	29.0288	-0.2056	NaN	0.0940	0.0950	49.5834	24.3472	NaN	NaN
18-Feb-2025 14:15:10	28.9523	-0.1623	NaN	0.0830	0.0830	49.5939	24.3202	NaN	NaN
18-Feb-2025 14:30:09	28.9122	-0.0382	NaN	0.0770	0.0780	49.6043	24.3798	NaN	NaN
18-Feb-2025 14:45:09	28.4558	-0.0179	NaN	0.0760	0.0770	49.6147	24.0431	NaN	NaN
18-Feb-2025 15:00:08	28.5358	0.0342	NaN	0.0750	0.0750	49.6251	24.1423	NaN	NaN
18-Feb-2025 15:15:09	28.5552	0.0355	NaN	0.0690	0.0690	49.6355	24.1581	NaN	NaN
18-Feb-2025 15:30:09	28.4188	0.1812	NaN	0.0620	0.0620	49.6459	24.1575	NaN	NaN
18-Feb-2025 15:45:08	28.4419	0.3427	NaN	0.0510	0.0520	49.6564	24.2917	NaN	NaN
18-Feb-2025 16:00:09	28.3116	0.2532	NaN	0.0440	0.0450	49.6668	24.1260	NaN	NaN
18-Feb-2025 16:15:09	28.1322	0.3172	NaN	0.0390	0.0390	49.6772	24.0322	NaN	NaN
18-Feb-2025 16:30:10	27.7256	0.3154	NaN	0.0400	0.0400	49.6876	23.7138	NaN	NaN
18-Feb-2025 16:45:09	26.2762	0.3030	NaN	0.0350	0.0350	49.6980	22.5706	NaN	NaN
18-Feb-2025 17:00:09	23.1780	0.1442	NaN	0.0360	0.0360	49.7084	20.0263	NaN	NaN
18-Feb-2025 17:15:10	8.1810	-0.0048	NaN	0.0350	0.0350	49.7189	7.6076	NaN	NaN
18-Feb-2025 17:30:09	6.7586	-0.1060	NaN	0.0340	0.0340	49.7293	6.3464	NaN	NaN
18-Feb-2025 17:45:09	6.1270	-0.2214	NaN	0.0340	0.0350	49.7397	5.7699	NaN	NaN
18-Feb-2025 18:00:10	5.8548	-0.3731	NaN	0.0360	0.0370	49.7501	5.5039	NaN	NaN
18-Feb-2025 18:15:09	5.7694	-0.5842	NaN	0.0400	0.0410	49.7605	5.3932	NaN	NaN
18-Feb-2025 18:30:09	5.7220	-0.7955	NaN	0.0420	0.0430	49.7709	5.3165	NaN	NaN
18-Feb-2025 18:45:10	5.7628	-0.9243	NaN	0.0460	0.0460	49.7814	5.3304	NaN	NaN
18-Feb-2025 19:00:09	5.8826	-1.0558	NaN	0.0340	0.0340	49.7918	5.4116	NaN	NaN
18-Feb-2025 19:15:09	5.6909	-1.0598	NaN	0.0270	0.0270	49.8022	5.2457	NaN	NaN
18-Feb-2025 19:30:10	5.8604	-1.1177	NaN	0.0530	0.0530	49.8126	5.3819	NaN	NaN
18-Feb-2025 19:45:09	5.9611	-1.2409	NaN	0.0960	0.0970	49.8230	5.4472	NaN	NaN
18-Feb-2025 20:00:09	6.0486	-1.3484	NaN	0.0980	0.0990	49.8334	5.5032	NaN	NaN
18-Feb-2025 20:15:10	6.0761	-1.8144	NaN	0.1050	0.1060	49.8439	5.4454	NaN	NaN
18-Feb-2025 20:30:11	5.8846	-1.8331	NaN	0.1220	0.1230	49.8543	5.2815	NaN	NaN
18-Feb-2025 20:45:11	5.8245	-2.0322	NaN	0.1330	0.1340	49.8647	5.1976	NaN	NaN
18-Feb-2025 21:00:10	6.0477	-2.0266	NaN	0.1310	0.1320	49.8751	5.3848	NaN	NaN
18-Feb-2025 21:15:11	6.0237	-2.0145	NaN	0.1300	0.1310	49.8855	5.3669	NaN	NaN
18-Feb-2025 21:30:11	5.9604	-2.1583	NaN	0.1390	0.1400	49.8960	5.2896	NaN	NaN
18-Feb-2025 21:45:10	5.8098	-2.5526	NaN	0.1470	0.1480	49.9064	5.0990	NaN	NaN
18-Feb-2025 22:00:11	5.7589	-2.6700	NaN	0.1510	0.1530	49.9168	5.0380	NaN	NaN
18-Feb-2025 22:15:11	5.7372	-2.3909	NaN	0.1510	0.1520	49.9272	5.0658	NaN	NaN
18-Feb-2025 22:30:10	5.7529	-2.2611	NaN	0.1500	0.1510	49.9376	5.1001	NaN	NaN
18-Feb-2025 22:45:09	5.9964	-2.1519	NaN	0.1280	0.1290	49.9480	5.3206	NaN	NaN
18-Feb-2025 23:00:09	6.1065	-2.0307	NaN	0.1190	0.1200	49.9584	5.4331	NaN	NaN
18-Feb-2025 23:15:10	6.4485	-1.8342	NaN	0.1230	0.1240	49.9689	5.7533	NaN	NaN
18-Feb-2025 23:30:09	7.0279	-1.8429	NaN	0.1280	0.1290	49.9793	6.2333	NaN	NaN
18-Feb-2025 23:45:09	9.2275	-1.8394	NaN	0.1370	0.1380	49.9897	8.0362	NaN	NaN
19-Feb-2025 00:00:10	9.1624	-1.7621	NaN	0.1560	0.1570	50.0001	8.0031	NaN	NaN
19-Feb-2025 00:15:09	9.6294	-1.7261	NaN	0.1780	0.1790	50.0105	8.3917	NaN	NaN
19-Feb-2025 00:30:11	9.3714	-1.6992	NaN	0.2020	0.2030	50.0210	8.1893	NaN	NaN
19-Feb-2025 00:45:10	8.9411	-1.6803	NaN	0.2270	0.2280	50.0314	7.8433	NaN	NaN
19-Feb-2025 01:00:11	8.8764	-1.6697	NaN	0.2520	0.2540	50.0418	7.7930	NaN	NaN
19-Feb-2025 01:15:11	7.5501	-1.6613	NaN	0.2730	0.2750	50.0522	6.7033	NaN	NaN
19-Feb-2025 01:30:10	20.3027	-1.6482	NaN	0.2940	0.2960	50.0626	16.7869	NaN	NaN
19-Feb-2025 01:45:09	20.7354	-1.6487	NaN	0.3160	0.3180	50.0730	17.1158	NaN	NaN
19-Feb-2025 02:00:09	21.0322	-1.6471	NaN	0.3300	0.3330	50.0834	17.3421	NaN	NaN
19-Feb-2025 02:15:10	21.3241	-1.6448	NaN	0.3400	0.3430	50.0939	17.5647	NaN	NaN
19-Feb-2025 02:30:09	21.5608	-1.6431	NaN	0.3440	0.3470	50.1043	17.7449	NaN	NaN
19-Feb-2025 02:45:09	21.8018	-1.6404	NaN	0.3420	0.3450	50.1147	17.9288	NaN	NaN
19-Feb-2025 03:00:10	22.0386	-1.6364	NaN	0.3330	0.3360	50.1251	18.1101	NaN	NaN
19-Feb-2025 03:15:09	23.0809	-1.6332	NaN	0.3250	0.3280	50.1355	18.8977	NaN	NaN
19-Feb-2025 03:30:09	23.2335	-1.6314	NaN	0.3160	0.3180	50.1459	19.0134	NaN	NaN
19-Feb-2025 03:45:10	23.3885	-1.6285	NaN	0.3070	0.3100	50.1564	19.1316	NaN	NaN
19-Feb-2025 04:00:09	23.5352	-1.6269	NaN	0.2950	0.2970	50.1668	19.2428	NaN	NaN
19-Feb-2025 04:15:09	23.4281	-1.6248	NaN	0.2860	0.2880	50.1772	19.1636	NaN	NaN
19-Feb-2025 04:30:10	23.4557	-1.6230	NaN	0.2770	0.2790	50.1876	19.1853	NaN	NaN
19-Feb-2025 04:45:11	23.5195	-1.6213	NaN	0.2670	0.2690	50.1980	19.2343	NaN	NaN
19-Feb-2025 05:00:11	23.6103	-1.6201	NaN	0.2590	0.2610	50.2085	19.3031	NaN	NaN
19-Feb-2025 05:15:10	23.7175	-1.6195	NaN	0.2470	0.2490	50.2189	19.3840	NaN	NaN
19-Feb-2025 05:30:09	23.6247	-1.6189	NaN	0.2360	0.2380	50.2293	19.3147	NaN	NaN
19-Feb-2025 05:45:09	23.7788	-1.6182	NaN	0.2240	0.2260	50.2397	19.4307	NaN	NaN
19-Feb-2025 06:00:10	23.7990	-1.6174	NaN	0.2130	0.2140	50.2501	19.4464	NaN	NaN
19-Feb-2025 06:15:09	23.8083	-1.6174	NaN	0.2030	0.2050	50.2605	19.4534	NaN	NaN
19-Feb-2025 06:30:09	23.6374	-1.6178	NaN	0.1930	0.1940	50.2709	19.3248	NaN	NaN
19-Feb-2025 06:45:10	23.6629	-1.6178	NaN	0.1840	0.1860	50.2814	19.3440	NaN	NaN
19-Feb-2025 07:00:09	23.6547	-1.6169	NaN	0.1740	0.1750	50.2918	19.3384	NaN	NaN
19-Feb-2025 07:15:09	23.6493	-1.6157	NaN	0.1700	0.1720	50.3022	19.3350	NaN	NaN
19-Feb-2025 07:30:10	23.6415	-1.6139	NaN	0.1610	0.1620	50.3126	19.3303	NaN	NaN
19-Feb-2025 07:45:09	23.6363	-1.6121	NaN	0.1520	0.1530	50.3230	19.3274	NaN	NaN
19-Feb-2025 08:00:09	24.0963	-1.6147	NaN	0.1420	0.1430	50.3334	19.6708	NaN	NaN
19-Feb-2025 08:15:10	23.8651	-1.6234	NaN	0.1370	0.1380	50.3439	19.4923	NaN	NaN
19-Feb-2025 08:30:11	24.1531	-1.6228	NaN	0.1330	0.1340	50.3543	19.7085	NaN	NaN
19-Feb-2025 08:45:11	24.0469	-1.6207	NaN	0.1390	0.1400	50.3647	19.6302	NaN	NaN
19-Feb-2025 09:00:10	24.0662	-1.6126	NaN	0.1450	0.1460	50.3751	19.6496	NaN	NaN
19-Feb-2025 09:15:11	24.0449	-1.6124	NaN	0.1500	0.1510	50.3855	19.6337	NaN	NaN
19-Feb-2025 09:30:09	23.8654	-1.6140	NaN	0.1550	0.1570	50.3959	19.4981	NaN	NaN
19-Feb-2025 09:45:10	24.0849	-1.6090	NaN	0.1670	0.1690	50.4064	19.6658	NaN	NaN
19-Feb-2025 10:00:09	24.1900	-1.6024	NaN	0.1800	0.1810	50.4168	19.7485	NaN	NaN
19-Feb-2025 10:15:09	24.3801	-1.5952	NaN	0.1910	0.1930	50.4272	19.8953	NaN	NaN
19-Feb-2025 10:30:10	24.6453	-1.5713	NaN	0.2040	0.2060	50.4376	20.1087	NaN	NaN
19-Feb-2025 10:45:09	25.2564	-1.5533	NaN	0.2200	0.2220	50.4480	20.5768	NaN	NaN
19-Feb-2025 11:00:09	25.7120	-1.5169	NaN	0.2400	0.2420	50.4584	20.9402	NaN	NaN
19-Feb-2025 11:15:10	26.2964	-1.4867	NaN	0.2570	0.2590	50.4689	21.3956	NaN	NaN
19-Feb-2025 11:30:09	27.1286	-1.3986	NaN	0.2760	0.2780	50.4793	22.0742	NaN	NaN
19-Feb-2025 11:45:09	27.8466	-1.1352	NaN	0.2950	0.2980	50.4897	22.7908	NaN	NaN
19-Feb-2025 12:00:10	29.0123	-0.6925	NaN	0.3150	0.3170	50.5001	23.9807	NaN	NaN
19-Feb-2025 12:15:09	29.2484	-0.5728	NaN	0.3360	0.3390	50.5105	24.2461	NaN	NaN
19-Feb-2025 12:30:09	29.4311	-0.5622	NaN	0.3560	0.3590	50.5209	24.3920	NaN	NaN
19-Feb-2025 12:45:10	29.3092	-0.3431	NaN	0.3800	0.3830	50.5314	24.4606	NaN	NaN
19-Feb-2025 13:00:09	29.3896	-0.2545	NaN	0.4030	0.4070	50.5418	24.5870	NaN	NaN
19-Feb-2025 13:15:09	29.4984	-0.3076	NaN	0.4230	0.4270	50.5522	24.6307	NaN	NaN
19-Feb-2025 13:30:10	29.4326	-0.1241	NaN	0.4450	0.4490	50.5626	24.7160	NaN	NaN
19-Feb-2025 13:45:09	29.4371	-0.0664	NaN	0.4630	0.4670	50.5730	24.7622	NaN	NaN
19-Feb-2025 14:00:09	29.4754	0.0175	NaN	0.4830	0.4870	50.5834	24.8537	NaN	NaN
19-Feb-2025 14:15:10	29.5455	0.1161	NaN	0.4980	0.5020	50.5939	24.9807	NaN	NaN
19-Feb-2025 14:30:09	29.7766	0.4305	NaN	0.5080	0.5120	50.6043	25.3944	NaN	NaN
19-Feb-2025 14:45:09	29.7647	0.3981	NaN	0.5170	0.5210	50.6147	25.3608	NaN	NaN
19-Feb-2025 15:00:08	29.6912	0.4224	NaN	0.5220	0.5260	50.6251	25.3220	NaN	NaN
19-Feb-2025 15:15:09	29.6622	0.3213	NaN	0.5210	0.5250	50.6355	25.2238	NaN	NaN
19-Feb-2025 15:30:09	29.6343	0.3591	NaN	0.5120	0.5160	50.6459	25.2305	NaN	NaN
19-Feb-2025 15:45:08	29.7143	0.4480	NaN	0.5030	0.5070	50.6564	25.3591	NaN	NaN
19-Feb-2025 16:00:09	29.7708	0.5240	NaN	0.4940	0.4980	50.6668	25.4601	NaN	NaN
19-Feb-2025 16:15:09	30.0498	0.8517	NaN	0.4850	0.4890	50.6772	25.9259	NaN	NaN
19-Feb-2025 16:30:08	29.7881	0.5709	NaN	0.4740	0.4780	50.6876	25.5088	NaN	NaN
19-Feb-2025 16:45:09	29.8688	0.5879	NaN	0.4640	0.4680	50.6980	25.5846	NaN	NaN
19-Feb-2025 17:00:09	29.6562	0.4627	NaN	0.4520	0.4560	50.7084	25.3250	NaN	NaN
19-Feb-2025 17:15:10	29.8284	0.5856	NaN	0.4430	0.4470	50.7189	25.5513	NaN	NaN
19-Feb-2025 17:30:09	30.1755	0.7241	NaN	0.4340	0.4380	50.7293	25.9272	NaN	NaN
19-Feb-2025 17:45:09	29.6433	0.2880	NaN	0.4240	0.4280	50.7397	25.1843	NaN	NaN
19-Feb-2025 18:00:10	30.3014	0.9839	NaN	0.4150	0.4190	50.7501	26.2247	NaN	NaN
19-Feb-2025 18:15:09	30.2729	0.9154	NaN	0.4100	0.4130	50.7605	26.1498	NaN	NaN
19-Feb-2025 18:30:09	30.2669	0.9435	NaN	0.4070	0.4110	50.7709	26.1666	NaN	NaN
19-Feb-2025 18:45:08	30.1888	0.5181	NaN	0.4020	0.4050	50.7814	25.7807	NaN	NaN
19-Feb-2025 19:00:09	30.1636	0.7260	NaN	0.4000	0.4030	50.7918	25.9194	NaN	NaN
19-Feb-2025 19:15:09	30.1889	0.8881	NaN	0.4000	0.4030	50.8022	26.0629	NaN	NaN
19-Feb-2025 19:30:08	30.1551	0.8498	NaN	0.4010	0.4040	50.8126	26.0071	NaN	NaN
19-Feb-2025 19:45:09	29.6908	0.3635	NaN	0.4010	0.4040	50.8230	25.2775	NaN	NaN
19-Feb-2025 20:00:09	30.1144	0.8258	NaN	0.4090	0.4120	50.8334	25.9569	NaN	NaN
19-Feb-2025 20:15:08	29.8917	0.3905	NaN	0.4120	0.4150	50.8439	25.4535	NaN	NaN
19-Feb-2025 20:30:09	30.0343	0.3649	NaN	0.4210	0.4250	50.8543	25.5447	NaN	NaN
19-Feb-2025 20:45:09	30.1235	0.6090	NaN	0.4320	0.4360	50.8647	25.7990	NaN	NaN
19-Feb-2025 21:00:10	30.2479	0.8453	NaN	0.4450	0.4480	50.8751	26.0765	NaN	NaN
19-Feb-2025 21:15:09	30.2218	0.7917	NaN	0.4570	0.4600	50.8855	26.0150	NaN	NaN
19-Feb-2025 21:30:09	30.1225	0.6543	NaN	0.4710	0.4750	50.8959	25.8328	NaN	NaN
19-Feb-2025 21:45:10	29.9122	-0.1784	NaN	0.4850	0.4890	50.9064	25.0421	NaN	NaN
19-Feb-2025 22:00:09	29.8718	0.1908	NaN	0.5010	0.5040	50.9168	25.2880	NaN	NaN
19-Feb-2025 22:15:09	30.0508	0.3894	NaN	0.5190	0.5230	50.9272	25.5761	NaN	NaN
19-Feb-2025 22:30:08	30.0578	0.4654	NaN	0.5370	0.5410	50.9376	25.6391	NaN	NaN
19-Feb-2025 22:45:09	30.1373	0.4522	NaN	0.5570	0.5610	50.9480	25.6907	NaN	NaN
19-Feb-2025 23:00:09	30.1323	0.4165	NaN	0.5800	0.5850	50.9584	25.6598	NaN	NaN
19-Feb-2025 23:15:08	30.3157	0.8690	NaN	0.6030	0.6070	50.9689	26.1479	NaN	NaN
19-Feb-2025 23:30:09	30.5161	1.0013	NaN	0.6150	0.6200	50.9793	26.4071	NaN	NaN
19-Feb-2025 23:45:09	30.5323	0.9340	NaN	0.6410	0.6460	50.9897	26.3679	NaN	NaN
20-Feb-2025 00:00:08	30.4905	0.8013	NaN	0.6660	0.6710	51.0001	26.2328	NaN	NaN
20-Feb-2025 00:15:09	30.4866	0.8201	NaN	0.6950	0.7010	51.0105	26.2442	NaN	NaN
20-Feb-2025 00:30:09	30.4370	0.6486	NaN	0.7210	0.7270	51.0209	26.0737	NaN	NaN
20-Feb-2025 00:45:08	30.4252	0.8033	NaN	0.7490	0.7550	51.0314	26.1833	NaN	NaN
20-Feb-2025 01:00:09	30.4257	0.8070	NaN	0.7700	0.7760	51.0418	26.1866	NaN	NaN
20-Feb-2025 01:15:09	30.4274	0.8896	NaN	0.7920	0.7990	51.0522	26.2514	NaN	NaN
20-Feb-2025 01:30:08	30.4698	0.9598	NaN	0.8150	0.8210	51.0626	26.3388	NaN	NaN
20-Feb-2025 01:45:09	30.5064	1.0194	NaN	0.8330	0.8390	51.0730	26.4135	NaN	NaN
20-Feb-2025 02:00:09	30.5402	1.0451	NaN	0.8490	0.8560	51.0834	26.4600	NaN	NaN
20-Feb-2025 02:15:08	30.5377	0.9652	NaN	0.8620	0.8690	51.0939	26.3964	NaN	NaN
20-Feb-2025 02:30:09	30.5306	0.8430	NaN	0.8700	0.8770	51.1043	26.2964	NaN	NaN
20-Feb-2025 02:45:09	30.5007	0.7736	NaN	0.8770	0.8840	51.1147	26.2195	NaN	NaN
20-Feb-2025 03:00:08	30.5405	0.8177	NaN	0.8760	0.8830	51.1251	26.2846	NaN	NaN
20-Feb-2025 03:15:09	30.5195	0.8508	NaN	0.8750	0.8820	51.1355	26.2938	NaN	NaN
20-Feb-2025 03:30:09	30.5214	0.8751	NaN	0.8670	0.8740	51.1459	26.3140	NaN	NaN
20-Feb-2025 03:45:08	30.5045	0.7561	NaN	0.8490	0.8560	51.1564	26.2091	NaN	NaN
20-Feb-2025 04:00:09	30.5068	0.7354	NaN	0.8400	0.8460	51.1668	26.1949	NaN	NaN
20-Feb-2025 04:15:09	30.4845	0.6934	NaN	0.8000	0.8060	51.1772	26.1452	NaN	NaN
20-Feb-2025 04:30:08	30.4024	0.5004	NaN	0.7840	0.7900	51.1876	25.9333	NaN	NaN
20-Feb-2025 04:45:09	30.4198	0.4072	NaN	0.7640	0.7700	51.1980	25.8754	NaN	NaN
20-Feb-2025 05:00:09	30.3508	0.5578	NaN	0.7410	0.7470	51.2084	25.9371	NaN	NaN
20-Feb-2025 05:15:08	30.3779	0.4082	NaN	0.7180	0.7240	51.2189	25.8438	NaN	NaN
20-Feb-2025 05:30:09	30.3444	0.5312	NaN	0.6970	0.7020	51.2293	25.9117	NaN	NaN
20-Feb-2025 05:45:09	30.4188	0.2566	NaN	0.6770	0.6820	51.2397	25.7596	NaN	NaN
20-Feb-2025 06:00:10	30.3536	0.1814	NaN	0.6540	0.6590	51.2501	25.6519	NaN	NaN
20-Feb-2025 06:15:09	30.2979	0.1624	NaN	0.6340	0.6390	51.2605	25.5947	NaN	NaN
20-Feb-2025 06:30:09	30.3116	0.2149	NaN	0.6160	0.6200	51.2709	25.6452	NaN	NaN
20-Feb-2025 06:45:10	30.3297	-0.0163	NaN	0.6000	0.6050	51.2814	25.4832	NaN	NaN
20-Feb-2025 07:00:09	30.3158	7.0000e-04	NaN	0.5880	0.5930	51.2918	25.4855	NaN	NaN
20-Feb-2025 07:15:09	30.2903	0.1819	NaN	0.5740	0.5790	51.3022	25.6036	NaN	NaN
20-Feb-2025 07:30:08	30.2867	0.1716	NaN	0.5590	0.5640	51.3126	25.5930	NaN	NaN
20-Feb-2025 07:45:09	30.2911	-0.2580	NaN	0.5430	0.5480	51.3230	25.2706	NaN	NaN
20-Feb-2025 08:00:09	30.2460	-0.1602	NaN	0.5290	0.5330	51.3334	25.3102	NaN	NaN
20-Feb-2025 08:15:08	30.2406	-0.1786	NaN	0.5150	0.5190	51.3439	25.2922	NaN	NaN
20-Feb-2025 08:30:09	30.2187	0.1789	NaN	0.4990	0.5030	51.3543	25.5462	NaN	NaN
20-Feb-2025 08:45:09	30.2557	0.1578	NaN	0.4830	0.4870	51.3647	25.5586	NaN	NaN
20-Feb-2025 09:00:08	30.2694	0.1066	NaN	0.4710	0.4750	51.3751	25.5303	NaN	NaN
20-Feb-2025 09:15:09	30.2646	0.1168	NaN	0.4580	0.4620	51.3855	25.5344	NaN	NaN
20-Feb-2025 09:30:09	30.3002	0.2884	NaN	0.4640	0.4670	51.3959	25.6922	NaN	NaN
20-Feb-2025 09:45:10	30.3004	0.3030	NaN	0.4670	0.4710	51.4064	25.7035	NaN	NaN
20-Feb-2025 10:00:09	30.3166	0.4231	NaN	0.4710	0.4750	51.4168	25.8075	NaN	NaN
20-Feb-2025 10:15:09	30.3210	0.4044	NaN	0.4800	0.4840	51.4272	25.7967	NaN	NaN
20-Feb-2025 10:30:10	30.2419	0.4100	NaN	0.4910	0.4950	51.4376	25.7397	NaN	NaN
20-Feb-2025 10:45:09	30.2470	0.4684	NaN	0.5030	0.5070	51.4480	25.7881	NaN	NaN
20-Feb-2025 11:00:09	30.2345	0.5169	NaN	0.5150	0.5190	51.4584	25.8154	NaN	NaN
20-Feb-2025 11:15:08	30.2095	0.6036	NaN	0.5300	0.5350	51.4689	25.8620	NaN	NaN
20-Feb-2025 11:30:09	30.3042	0.8065	NaN	0.5490	0.5530	51.4793	26.0910	NaN	NaN
20-Feb-2025 11:45:09	30.0716	0.7982	NaN	0.5640	0.5690	51.4897	25.9024	NaN	NaN
20-Feb-2025 12:00:08	29.7786	0.7469	NaN	0.5780	0.5830	51.5001	25.6340	NaN	NaN
20-Feb-2025 12:15:09	29.6164	0.6719	NaN	0.5900	0.5950	51.5105	25.4506	NaN	NaN
20-Feb-2025 12:30:09	29.6269	0.6317	NaN	0.6080	0.6130	51.5209	25.4287	NaN	NaN
20-Feb-2025 12:45:08	29.8199	0.6876	NaN	0.6230	0.6280	51.5314	25.6217	NaN	NaN
20-Feb-2025 13:00:09	30.2611	1.1630	NaN	0.6410	0.6460	51.5418	26.3304	NaN	NaN
20-Feb-2025 13:15:09	30.2828	1.1030	NaN	0.6560	0.6610	51.5522	26.3016	NaN	NaN
20-Feb-2025 13:30:08	30.5221	1.3492	NaN	0.6720	0.6770	51.5626	26.6810	NaN	NaN
20-Feb-2025 13:45:09	30.6110	1.4174	NaN	0.6850	0.6910	51.5730	26.8046	NaN	NaN
20-Feb-2025 14:00:09	30.6235	1.3872	NaN	0.6970	0.7020	51.5834	26.7911	NaN	NaN
20-Feb-2025 14:15:08	30.6387	1.4053	NaN	0.7090	0.7150	51.5939	26.8173	NaN	NaN
20-Feb-2025 14:30:09	30.6242	1.4118	NaN	0.7180	0.7240	51.6043	26.8108	NaN	NaN
20-Feb-2025 14:45:09	30.6336	1.3876	NaN	0.7220	0.7270	51.6147	26.7995	NaN	NaN
20-Feb-2025 15:00:08	30.6361	1.3393	NaN	0.7220	0.7280	51.6251	26.7639	NaN	NaN
20-Feb-2025 15:15:09	30.5943	1.2462	NaN	0.7140	0.7200	51.6355	26.6584	NaN	NaN
20-Feb-2025 15:30:09	30.5906	1.2861	NaN	0.7080	0.7130	51.6459	26.6865	NaN	NaN
20-Feb-2025 15:45:08	30.5702	1.3181	NaN	0.6990	0.7050	51.6564	26.6950	NaN	NaN
20-Feb-2025 16:00:09	30.4841	1.2290	NaN	0.6850	0.6910	51.6668	26.5578	NaN	NaN
20-Feb-2025 16:15:09	30.3840	1.3542	NaN	0.6720	0.6770	51.6772	26.5751	NaN	NaN
20-Feb-2025 16:30:08	30.3784	1.3055	NaN	0.6580	0.6630	51.6876	26.5330	NaN	NaN
20-Feb-2025 16:45:09	30.3429	1.3846	NaN	0.6400	0.6450	51.6980	26.5658	NaN	NaN
20-Feb-2025 17:00:09	30.2151	1.2203	NaN	0.6280	0.6330	51.7084	26.3380	NaN	NaN
20-Feb-2025 17:15:08	30.0610	1.2025	NaN	0.6160	0.6210	51.7189	26.2022	NaN	NaN
20-Feb-2025 17:30:09	30.1757	1.2864	NaN	0.6030	0.6080	51.7293	26.3574	NaN	NaN
20-Feb-2025 17:45:09	30.2481	1.3354	NaN	0.5920	0.5970	51.7397	26.4525	NaN	NaN
20-Feb-2025 18:00:08	30.1635	1.6090	NaN	0.5820	0.5860	51.7501	26.5954	NaN	NaN
20-Feb-2025 18:15:09	30.2648	1.5835	NaN	0.5720	0.5770	51.7605	26.6569	NaN	NaN
20-Feb-2025 18:30:09	30.3142	1.4579	NaN	0.5590	0.5630	51.7709	26.5995	NaN	NaN
20-Feb-2025 18:45:08	30.3726	1.4810	NaN	0.5480	0.5530	51.7814	26.6639	NaN	NaN
20-Feb-2025 19:00:09	30.4969	1.5720	NaN	0.5360	0.5400	51.7918	26.8337	NaN	NaN
20-Feb-2025 19:15:09	30.4691	1.5269	NaN	0.5250	0.5300	51.8022	26.7764	NaN	NaN
20-Feb-2025 19:30:08	30.5037	1.5282	NaN	0.5170	0.5210	51.8126	26.8050	NaN	NaN
20-Feb-2025 19:45:09	30.4756	1.5385	NaN	0.5080	0.5120	51.8230	26.7907	NaN	NaN
20-Feb-2025 20:00:09	30.4391	1.4830	NaN	0.4990	0.5030	51.8334	26.7185	NaN	NaN
20-Feb-2025 20:15:08	30.4823	1.3523	NaN	0.4950	0.4990	51.8439	26.6517	NaN	NaN
20-Feb-2025 20:30:09	30.5036	1.4023	NaN	0.4920	0.4960	51.8543	26.7074	NaN	NaN
20-Feb-2025 20:45:09	30.3886	1.4644	NaN	0.4900	0.4940	51.8647	26.6638	NaN	NaN
20-Feb-2025 21:00:08	30.4076	1.4417	NaN	0.4870	0.4910	51.8751	26.6614	NaN	NaN
20-Feb-2025 21:15:09	30.3896	1.4193	NaN	0.4850	0.4880	51.8855	26.6297	NaN	NaN
20-Feb-2025 21:30:09	30.3690	1.3807	NaN	0.4830	0.4860	51.8959	26.5836	NaN	NaN
20-Feb-2025 21:45:08	30.3753	1.3620	NaN	0.4900	0.4940	51.9064	26.5742	NaN	NaN
20-Feb-2025 22:00:09	30.4093	1.3140	NaN	0.4990	0.5030	51.9168	26.5641	NaN	NaN
20-Feb-2025 22:15:08	30.3964	1.2849	NaN	0.5070	0.5110	51.9272	26.5314	NaN	NaN
20-Feb-2025 22:30:08	30.4171	1.2536	NaN	0.5180	0.5220	51.9376	26.5236	NaN	NaN
20-Feb-2025 22:45:09	30.3671	1.1896	NaN	0.5270	0.5310	51.9480	26.4347	NaN	NaN
20-Feb-2025 23:00:09	30.3421	1.1451	NaN	0.5400	0.5440	51.9584	26.3806	NaN	NaN
20-Feb-2025 23:15:08	30.3599	1.1061	NaN	0.5550	0.5600	51.9689	26.3648	NaN	NaN
20-Feb-2025 23:30:09	30.4466	1.1130	NaN	0.5720	0.5770	51.9793	26.4385	NaN	NaN
20-Feb-2025 23:45:09	30.4861	1.1257	NaN	0.5890	0.5930	51.9897	26.4795	NaN	NaN
21-Feb-2025 00:00:08	30.5205	1.2360	NaN	0.6080	0.6120	52.0001	26.5920	NaN	NaN
21-Feb-2025 00:15:09	30.5004	1.1277	NaN	0.6300	0.6350	52.0105	26.4924	NaN	NaN
21-Feb-2025 00:30:09	30.4433	0.9748	NaN	0.6530	0.6580	52.0209	26.3294	NaN	NaN
21-Feb-2025 00:45:08	30.4577	0.9949	NaN	0.6720	0.6780	52.0314	26.3563	NaN	NaN
21-Feb-2025 01:00:09	30.4655	1.0053	NaN	0.6930	0.6980	52.0418	26.3704	NaN	NaN
21-Feb-2025 01:15:09	30.5005	1.0253	NaN	0.7160	0.7220	52.0522	26.4134	NaN	NaN
21-Feb-2025 01:30:08	30.4876	0.9358	NaN	0.7380	0.7430	52.0626	26.3342	NaN	NaN
21-Feb-2025 01:45:09	30.4861	0.8851	NaN	0.7610	0.7670	52.0730	26.2940	NaN	NaN
21-Feb-2025 02:00:09	30.4859	0.8565	NaN	0.7800	0.7860	52.0834	26.2718	NaN	NaN
21-Feb-2025 02:15:08	30.4912	0.7937	NaN	0.7970	0.8030	52.0939	26.2276	NaN	NaN
21-Feb-2025 02:30:09	30.5032	0.7584	NaN	0.8100	0.8160	52.1043	26.2098	NaN	NaN
21-Feb-2025 02:45:09	30.4953	0.7645	NaN	0.8220	0.8280	52.1147	26.2083	NaN	NaN
21-Feb-2025 03:00:10	30.5012	0.7222	NaN	0.8220	0.8280	52.1251	26.1804	NaN	NaN
21-Feb-2025 03:15:09	30.4845	0.7099	NaN	0.8200	0.8260	52.1355	26.1579	NaN	NaN
21-Feb-2025 03:30:09	30.4646	0.6875	NaN	0.8170	0.8240	52.1459	26.1251	NaN	NaN
21-Feb-2025 03:45:08	30.4703	0.6748	NaN	0.8110	0.8180	52.1564	26.1199	NaN	NaN
21-Feb-2025 04:00:09	30.4766	0.6503	NaN	0.8000	0.8060	52.1668	26.1060	NaN	NaN
21-Feb-2025 04:15:09	30.4706	0.6065	NaN	0.7860	0.7920	52.1772	26.0676	NaN	NaN
21-Feb-2025 04:30:08	30.4567	0.5866	NaN	0.7790	0.7860	52.1876	26.0415	NaN	NaN
21-Feb-2025 04:45:09	30.4438	0.5621	NaN	0.7450	0.7510	52.1980	26.0127	NaN	NaN
21-Feb-2025 05:00:09	30.4589	0.5533	NaN	0.7280	0.7340	52.2084	26.0176	NaN	NaN
21-Feb-2025 05:15:08	30.4460	0.5486	NaN	0.7120	0.7170	52.2189	26.0040	NaN	NaN
21-Feb-2025 05:30:09	30.4520	0.5532	NaN	0.6950	0.7000	52.2293	26.0122	NaN	NaN
21-Feb-2025 05:45:09	30.4419	0.5063	NaN	0.6790	0.6840	52.2397	25.9683	NaN	NaN
21-Feb-2025 06:00:08	30.4395	0.4798	NaN	0.6620	0.6670	52.2501	25.9462	NaN	NaN
21-Feb-2025 06:15:09	30.4312	0.4637	NaN	0.6440	0.6490	52.2605	25.9274	NaN	NaN
21-Feb-2025 06:30:09	30.4380	0.4570	NaN	0.6270	0.6320	52.2709	25.9276	NaN	NaN
21-Feb-2025 06:45:08	30.4598	0.4288	NaN	0.6080	0.6130	52.2814	25.9229	NaN	NaN
21-Feb-2025 07:00:09	30.4705	0.4461	NaN	0.5980	0.6020	52.2918	25.9445	NaN	NaN
21-Feb-2025 07:15:09	30.4580	0.3588	NaN	0.5840	0.5890	52.3022	25.8679	NaN	NaN
21-Feb-2025 07:30:10	30.4592	0.4059	NaN	0.5690	0.5740	52.3126	25.9049	NaN	NaN
21-Feb-2025 07:45:09	30.4728	0.3450	NaN	0.5520	0.5570	52.3230	25.8688	NaN	NaN
21-Feb-2025 08:00:09	30.4655	0.3255	NaN	0.5330	0.5380	52.3334	25.8481	NaN	NaN
21-Feb-2025 08:15:10	30.4582	0.3224	NaN	0.5220	0.5260	52.3439	25.8402	NaN	NaN
21-Feb-2025 08:30:09	30.4425	0.3566	NaN	0.5040	0.5080	52.3543	25.8541	NaN	NaN
21-Feb-2025 08:45:09	30.4345	0.3860	NaN	0.4880	0.4920	52.3647	25.8705	NaN	NaN
21-Feb-2025 09:00:08	30.4286	0.4443	NaN	0.4780	0.4820	52.3751	25.9105	NaN	NaN
21-Feb-2025 09:15:09	30.4333	0.5942	NaN	0.4660	0.4690	52.3855	26.0291	NaN	NaN
21-Feb-2025 09:30:09	30.4356	0.6478	NaN	0.4560	0.4600	52.3959	26.0720	NaN	NaN
21-Feb-2025 09:45:08	30.4391	0.7861	NaN	0.4460	0.4500	52.4064	26.1808	NaN	NaN
21-Feb-2025 10:00:09	30.4463	0.8796	NaN	0.4330	0.4370	52.4168	26.2584	NaN	NaN
21-Feb-2025 10:15:09	30.4467	0.9470	NaN	0.4240	0.4270	52.4272	26.3106	NaN	NaN
21-Feb-2025 10:30:08	30.3947	0.9104	NaN	0.4170	0.4210	52.4376	26.2416	NaN	NaN
21-Feb-2025 10:45:09	30.3983	0.9078	NaN	0.4100	0.4130	52.4480	26.2424	NaN	NaN
21-Feb-2025 11:00:09	30.3733	1.0414	NaN	0.4060	0.4090	52.4584	26.3255	NaN	NaN
21-Feb-2025 11:15:08	30.3711	1.1431	NaN	0.4090	0.4120	52.4689	26.4020	NaN	NaN
21-Feb-2025 11:30:09	30.3890	1.1730	NaN	0.4120	0.4160	52.4793	26.4392	NaN	NaN
21-Feb-2025 11:45:09	30.4156	1.2093	NaN	0.4250	0.4290	52.4897	26.4882	NaN	NaN
21-Feb-2025 12:00:08	30.4509	1.2443	NaN	0.4320	0.4350	52.5001	26.5432	NaN	NaN
21-Feb-2025 12:15:09	30.4377	1.4252	NaN	0.4420	0.4460	52.5105	26.6726	NaN	NaN
21-Feb-2025 12:30:09	30.4116	1.6588	NaN	0.4550	0.4580	52.5209	26.8327	NaN	NaN
21-Feb-2025 12:45:08	30.3652	1.6793	NaN	0.4690	0.4730	52.5314	26.8114	NaN	NaN
21-Feb-2025 13:00:09	30.3685	1.7999	NaN	0.4870	0.4910	52.5418	26.9074	NaN	NaN
21-Feb-2025 13:15:09	29.7019	1.4308	NaN	0.5070	0.5110	52.5522	26.0900	NaN	NaN
21-Feb-2025 13:30:08	29.7210	1.4542	NaN	0.5270	0.5310	52.5626	26.1230	NaN	NaN
21-Feb-2025 13:45:09	29.8324	1.5462	NaN	0.5470	0.5510	52.5730	26.2820	NaN	NaN
21-Feb-2025 14:00:09	30.0146	1.6400	NaN	0.5630	0.5670	52.5834	26.4998	NaN	NaN
21-Feb-2025 14:15:08	30.1419	1.6996	NaN	0.5820	0.5860	52.5939	26.6478	NaN	NaN
21-Feb-2025 14:30:09	30.1475	1.7030	NaN	0.5980	0.6020	52.6043	26.6549	NaN	NaN
21-Feb-2025 14:45:08	30.1708	1.8508	NaN	0.6130	0.6170	52.6147	26.7875	NaN	NaN
21-Feb-2025 15:00:08	30.1904	1.9005	NaN	0.6270	0.6320	52.6251	26.8417	NaN	NaN
21-Feb-2025 15:15:07	30.1932	2.0542	NaN	0.6400	0.6450	52.6355	26.9627	NaN	NaN
21-Feb-2025 15:30:09	30.1587	1.9761	NaN	0.6500	0.6550	52.6459	26.8745	NaN	NaN
21-Feb-2025 15:45:08	30.1365	1.9848	NaN	0.6590	0.6650	52.6564	26.8632	NaN	NaN
21-Feb-2025 16:00:09	30.1682	2.0176	NaN	0.6590	0.6640	52.6668	26.9142	NaN	NaN
21-Feb-2025 16:15:09	30.1964	1.9717	NaN	0.6620	0.6670	52.6772	26.9016	NaN	NaN
21-Feb-2025 16:30:08	30.1795	1.9330	NaN	0.6560	0.6610	52.6876	26.8580	NaN	NaN
21-Feb-2025 16:45:09	30.1701	1.9397	NaN	0.6530	0.6580	52.6980	26.8556	NaN	NaN
21-Feb-2025 17:00:09	30.1772	1.9038	NaN	0.6440	0.6490	52.7084	26.8336	NaN	NaN
21-Feb-2025 17:15:08	30.1911	1.8807	NaN	0.6390	0.6440	52.7189	26.8271	NaN	NaN
21-Feb-2025 17:30:09	30.1846	1.8499	NaN	0.6320	0.6370	52.7293	26.7980	NaN	NaN
21-Feb-2025 17:45:09	30.1891	1.7765	NaN	0.6230	0.6280	52.7397	26.7451	NaN	NaN
21-Feb-2025 18:00:08	30.1901	1.7736	NaN	0.6140	0.6190	52.7501	26.7436	NaN	NaN
21-Feb-2025 18:15:09	30.1739	1.7562	NaN	0.6040	0.6090	52.7605	26.7171	NaN	NaN
21-Feb-2025 18:30:09	30.1655	1.7117	NaN	0.5910	0.5950	52.7709	26.6760	NaN	NaN
21-Feb-2025 18:45:08	30.1500	1.6906	NaN	0.5780	0.5820	52.7814	26.6474	NaN	NaN
21-Feb-2025 19:00:07	30.1139	1.6510	NaN	0.5670	0.5710	52.7918	26.5879	NaN	NaN
21-Feb-2025 19:15:08	30.1366	1.5719	NaN	0.5560	0.5600	52.8022	26.5453	NaN	NaN
21-Feb-2025 19:30:08	30.1052	1.5040	NaN	0.5450	0.5490	52.8126	26.4681	NaN	NaN
21-Feb-2025 19:45:07	30.0746	1.5147	NaN	0.5330	0.5370	52.8230	26.4518	NaN	NaN
21-Feb-2025 20:00:09	30.0747	1.5171	NaN	0.5220	0.5260	52.8334	26.4537	NaN	NaN
21-Feb-2025 20:15:08	30.0695	1.4546	NaN	0.5160	0.5200	52.8439	26.4017	NaN	NaN
21-Feb-2025 20:30:09	30.0834	1.4016	NaN	0.5070	0.5110	52.8543	26.3723	NaN	NaN
21-Feb-2025 20:45:09	30.0661	1.3702	NaN	0.5010	0.5050	52.8647	26.3344	NaN	NaN
21-Feb-2025 21:00:08	30.0738	1.3434	NaN	0.4970	0.5010	52.8751	26.3200	NaN	NaN
21-Feb-2025 21:15:09	30.0426	1.3660	NaN	0.4900	0.4940	52.8855	26.3124	NaN	NaN
21-Feb-2025 21:30:09	30.0229	1.3529	NaN	0.4840	0.4880	52.8959	26.2867	NaN	NaN
21-Feb-2025 21:45:08	30.0276	1.3216	NaN	0.4780	0.4820	52.9064	26.2666	NaN	NaN
21-Feb-2025 22:00:09	30.0393	1.2608	NaN	0.4770	0.4810	52.9168	26.2295	NaN	NaN
21-Feb-2025 22:15:09	30.0617	1.1467	NaN	0.4780	0.4820	52.9272	26.1601	NaN	NaN
21-Feb-2025 22:30:08	30.0666	0.9924	NaN	0.4820	0.4860	52.9376	26.0463	NaN	NaN
21-Feb-2025 22:45:09	30.0578	0.9588	NaN	0.4910	0.4940	52.9480	26.0137	NaN	NaN
21-Feb-2025 23:00:09	30.0843	0.9562	NaN	0.5000	0.5040	52.9584	26.0326	NaN	NaN
21-Feb-2025 23:15:08	30.1280	0.8984	NaN	0.5140	0.5180	52.9689	26.0229	NaN	NaN
21-Feb-2025 23:30:09	30.1665	0.8240	NaN	0.5270	0.5310	52.9793	25.9964	NaN	NaN
21-Feb-2025 23:45:09	30.1566	0.7621	NaN	0.5420	0.5470	52.9897	25.9415	NaN	NaN
22-Feb-2025 00:00:08	30.2011	0.7260	NaN	0.5580	0.5630	53.0001	25.9488	NaN	NaN
22-Feb-2025 00:15:09	30.2134	0.7249	NaN	0.5760	0.5800	53.0105	25.9576	NaN	NaN
22-Feb-2025 00:30:09	30.2282	0.7093	NaN	0.5980	0.6030	53.0209	25.9572	NaN	NaN
22-Feb-2025 00:45:10	30.2175	0.6729	NaN	0.6170	0.6220	53.0314	25.9211	NaN	NaN
22-Feb-2025 01:00:09	30.2142	0.6276	NaN	0.6340	0.6390	53.0418	25.8840	NaN	NaN
22-Feb-2025 01:15:09	30.2225	0.6239	NaN	0.6550	0.6600	53.0522	25.8876	NaN	NaN
22-Feb-2025 01:30:08	30.2358	0.6027	NaN	0.6770	0.6830	53.0626	25.8818	NaN	NaN
22-Feb-2025 01:45:09	30.2372	0.5472	NaN	0.7020	0.7080	53.0730	25.8407	NaN	NaN
22-Feb-2025 02:00:09	30.2439	0.4702	NaN	0.7250	0.7310	53.0834	25.7872	NaN	NaN
22-Feb-2025 02:15:08	30.2473	0.4168	NaN	0.7480	0.7540	53.0939	25.7492	NaN	NaN
22-Feb-2025 02:30:09	30.2399	0.3527	NaN	0.7680	0.7740	53.1043	25.6947	NaN	NaN
22-Feb-2025 02:45:09	30.2067	0.3708	NaN	0.7910	0.7980	53.1147	25.6827	NaN	NaN
22-Feb-2025 03:00:08	30.2117	0.2715	NaN	0.8030	0.8090	53.1251	25.6112	NaN	NaN
22-Feb-2025 03:15:09	30.2076	0.2522	NaN	0.8240	0.8310	53.1355	25.5934	NaN	NaN
22-Feb-2025 03:30:09	30.2184	0.2213	NaN	0.8450	0.8520	53.1459	25.5783	NaN	NaN
22-Feb-2025 03:45:08	30.2219	0.1867	NaN	0.8630	0.8690	53.1564	25.5547	NaN	NaN
22-Feb-2025 04:00:09	30.2136	0.1383	NaN	0.8780	0.8850	53.1668	25.5116	NaN	NaN
22-Feb-2025 04:15:09	30.1878	0.1736	NaN	0.8910	0.8980	53.1772	25.5186	NaN	NaN
22-Feb-2025 04:30:10	30.2215	0.2100	NaN	0.9010	0.9080	53.1876	25.5721	NaN	NaN
22-Feb-2025 04:45:09	30.2160	0.2157	NaN	0.9040	0.9110	53.1980	25.5722	NaN	NaN
22-Feb-2025 05:00:09	30.2742	0.2275	NaN	0.9050	0.9120	53.2084	25.6261	NaN	NaN
22-Feb-2025 05:15:10	30.2497	0.1977	NaN	0.9000	0.9070	53.2189	25.5845	NaN	NaN
22-Feb-2025 05:30:09	30.2423	0.1766	NaN	0.8880	0.8950	53.2293	25.5628	NaN	NaN
22-Feb-2025 05:45:09	30.2357	0.1604	NaN	0.8760	0.8830	53.2397	25.5454	NaN	NaN
22-Feb-2025 06:00:10	30.2240	0.1509	NaN	0.8660	0.8730	53.2501	25.5292	NaN	NaN
22-Feb-2025 06:15:09	30.2364	0.1128	NaN	0.8360	0.8420	53.2605	25.5098	NaN	NaN
22-Feb-2025 06:30:09	30.2507	0.2222	NaN	0.8190	0.8250	53.2709	25.6038	NaN	NaN
22-Feb-2025 06:45:08	30.2613	0.1373	NaN	0.8040	0.8100	53.2814	25.5475	NaN	NaN
22-Feb-2025 07:00:09	30.2319	0.0745	NaN	0.7860	0.7920	53.2918	25.4773	NaN	NaN
22-Feb-2025 07:15:09	30.2575	0.0340	NaN	0.7710	0.7770	53.3022	25.4662	NaN	NaN
22-Feb-2025 07:30:08	30.2854	0.0053	NaN	0.7530	0.7590	53.3126	25.4657	NaN	NaN
22-Feb-2025 07:45:09	30.2677	0.0418	NaN	0.7340	0.7400	53.3230	25.4798	NaN	NaN
22-Feb-2025 08:00:09	30.3030	0.0312	NaN	0.7180	0.7240	53.3334	25.4990	NaN	NaN
22-Feb-2025 08:15:08	30.2964	0.0696	NaN	0.7000	0.7050	53.3439	25.5231	NaN	NaN
22-Feb-2025 08:30:09	30.2996	0.0289	NaN	0.6810	0.6870	53.3543	25.4945	NaN	NaN
22-Feb-2025 08:45:09	30.3029	0.0602	NaN	0.6690	0.6750	53.3647	25.5209	NaN	NaN
22-Feb-2025 09:00:10	30.3479	0.0478	NaN	0.6520	0.6580	53.3751	25.5458	NaN	NaN
22-Feb-2025 09:15:09	30.3433	0.0700	NaN	0.6370	0.6420	53.3855	25.5593	NaN	NaN
22-Feb-2025 09:30:09	30.2961	0.0723	NaN	0.6210	0.6260	53.3959	25.5248	NaN	NaN
22-Feb-2025 09:45:10	30.3106	0.1422	NaN	0.6060	0.6110	53.4064	25.5891	NaN	NaN
22-Feb-2025 10:00:09	30.2988	0.1616	NaN	0.5920	0.5970	53.4168	25.5947	NaN	NaN
22-Feb-2025 10:15:09	30.2568	0.2144	NaN	0.5790	0.5830	53.4272	25.6025	NaN	NaN
22-Feb-2025 10:30:08	30.2389	0.2606	NaN	0.5630	0.5670	53.4376	25.6239	NaN	NaN
22-Feb-2025 10:45:09	30.2701	0.3210	NaN	0.5510	0.5550	53.4480	25.6938	NaN	NaN
22-Feb-2025 11:00:09	30.2838	0.4284	NaN	0.5410	0.5450	53.4584	25.7862	NaN	NaN
22-Feb-2025 11:15:08	30.2663	0.4955	NaN	0.5300	0.5340	53.4689	25.8238	NaN	NaN
22-Feb-2025 11:30:09	30.2271	0.6149	NaN	0.5170	0.5210	53.4793	25.8843	NaN	NaN
22-Feb-2025 11:45:09	30.2125	0.6675	NaN	0.5130	0.5170	53.4897	25.9130	NaN	NaN
22-Feb-2025 12:00:08	30.2058	0.7530	NaN	0.5110	0.5150	53.5001	25.9730	NaN	NaN
22-Feb-2025 12:15:09	30.2351	0.8715	NaN	0.5170	0.5210	53.5105	26.0865	NaN	NaN
22-Feb-2025 12:30:09	30.1907	0.9396	NaN	0.5250	0.5290	53.5209	26.1037	NaN	NaN
22-Feb-2025 12:45:08	30.2364	1.1874	NaN	0.5360	0.5400	53.5314	26.3296	NaN	NaN
22-Feb-2025 13:00:09	30.3489	1.8404	NaN	0.5500	0.5540	53.5418	26.9231	NaN	NaN
22-Feb-2025 13:15:09	30.4321	1.9022	NaN	0.5650	0.5690	53.5522	27.0382	NaN	NaN
22-Feb-2025 13:30:08	30.3983	1.4997	NaN	0.5770	0.5820	53.5626	26.6989	NaN	NaN
22-Feb-2025 13:45:09	30.3139	1.6012	NaN	0.5910	0.5950	53.5730	26.7098	NaN	NaN
22-Feb-2025 14:00:09	30.3231	1.8182	NaN	0.6070	0.6120	53.5834	26.8851	NaN	NaN
22-Feb-2025 14:15:08	30.2988	1.8394	NaN	0.6230	0.6270	53.5939	26.8819	NaN	NaN
22-Feb-2025 14:30:09	30.2605	1.7684	NaN	0.6410	0.6460	53.6043	26.7962	NaN	NaN
22-Feb-2025 14:45:09	30.3327	2.0084	NaN	0.6580	0.6630	53.6147	27.0403	NaN	NaN
22-Feb-2025 15:00:08	30.4281	2.3895	NaN	0.6700	0.6760	53.6251	27.4148	NaN	NaN
22-Feb-2025 15:15:07	30.5262	2.6364	NaN	0.6850	0.6900	53.6355	27.6888	NaN	NaN
22-Feb-2025 15:30:08	30.4996	2.5949	NaN	0.6990	0.7040	53.6459	27.6344	NaN	NaN
22-Feb-2025 15:45:08	30.4523	2.5335	NaN	0.7110	0.7160	53.6563	27.5474	NaN	NaN
22-Feb-2025 16:00:07	30.4223	2.7013	NaN	0.7240	0.7290	53.6668	27.6541	NaN	NaN
22-Feb-2025 16:15:08	30.4114	2.5675	NaN	0.7360	0.7420	53.6772	27.5403	NaN	NaN
22-Feb-2025 16:30:08	30.3752	2.3645	NaN	0.7450	0.7510	53.6876	27.3521	NaN	NaN
22-Feb-2025 16:45:07	30.2444	2.1825	NaN	0.7510	0.7570	53.6980	27.1039	NaN	NaN
22-Feb-2025 17:00:08	30.2275	2.1860	NaN	0.7540	0.7600	53.7084	27.0928	NaN	NaN
22-Feb-2025 17:15:08	30.2189	2.2074	NaN	0.7570	0.7630	53.7189	27.1023	NaN	NaN
22-Feb-2025 17:30:09	30.1912	2.2137	NaN	0.7560	0.7620	53.7293	27.0847	NaN	NaN
22-Feb-2025 17:45:09	30.2163	2.1812	NaN	0.7530	0.7590	53.7397	27.0799	NaN	NaN
22-Feb-2025 18:00:08	30.1705	2.1638	NaN	0.7470	0.7530	53.7501	27.0292	NaN	NaN
22-Feb-2025 18:15:09	30.1409	2.1890	NaN	0.7380	0.7430	53.7605	27.0246	NaN	NaN
22-Feb-2025 18:30:09	30.2110	2.0773	NaN	0.7270	0.7320	53.7709	26.9951	NaN	NaN
22-Feb-2025 18:45:08	30.2170	1.9890	NaN	0.7160	0.7220	53.7814	26.9317	NaN	NaN
22-Feb-2025 19:00:09	30.2112	1.9444	NaN	0.7030	0.7090	53.7918	26.8925	NaN	NaN
22-Feb-2025 19:15:09	30.1844	1.9390	NaN	0.6900	0.6960	53.8022	26.8667	NaN	NaN
22-Feb-2025 19:30:08	30.1458	1.9474	NaN	0.6790	0.6840	53.8126	26.8418	NaN	NaN
22-Feb-2025 19:45:09	30.0742	1.8886	NaN	0.6650	0.6700	53.8230	26.7387	NaN	NaN
22-Feb-2025 20:00:09	29.9722	1.8151	NaN	0.6500	0.6560	53.8334	26.5999	NaN	NaN
22-Feb-2025 20:15:08	29.8993	1.7851	NaN	0.6370	0.6420	53.8439	26.5181	NaN	NaN
22-Feb-2025 20:30:07	29.8244	1.7387	NaN	0.6230	0.6280	53.8543	26.4223	NaN	NaN
22-Feb-2025 20:45:08	29.7777	1.7029	NaN	0.6090	0.6140	53.8647	26.3575	NaN	NaN
22-Feb-2025 21:00:08	29.7543	1.6594	NaN	0.5980	0.6030	53.8751	26.3055	NaN	NaN
22-Feb-2025 21:15:07	29.7243	1.6576	NaN	0.5860	0.5910	53.8855	26.2800	NaN	NaN
22-Feb-2025 21:30:08	29.6588	1.6359	NaN	0.5700	0.5740	53.8959	26.2109	NaN	NaN
22-Feb-2025 21:45:08	29.6182	1.6343	NaN	0.5560	0.5610	53.9064	26.1770	NaN	NaN
22-Feb-2025 22:00:09	29.6031	1.5717	NaN	0.5440	0.5480	53.9168	26.1176	NaN	NaN
22-Feb-2025 22:15:09	29.5839	1.5130	NaN	0.5300	0.5340	53.9272	26.0577	NaN	NaN
22-Feb-2025 22:30:08	29.6042	1.4869	NaN	0.5150	0.5190	53.9376	26.0544	NaN	NaN
22-Feb-2025 22:45:09	29.6004	1.4547	NaN	0.5050	0.5090	53.9480	26.0269	NaN	NaN
22-Feb-2025 23:00:09	29.5649	1.4372	NaN	0.4930	0.4970	53.9584	25.9854	NaN	NaN
22-Feb-2025 23:15:08	29.5387	1.3949	NaN	0.4890	0.4930	53.9689	25.9325	NaN	NaN
22-Feb-2025 23:30:09	29.5214	1.3667	NaN	0.4910	0.4950	53.9793	25.8974	NaN	NaN
22-Feb-2025 23:45:09	29.5654	1.3415	NaN	0.4960	0.5000	53.9897	25.9136	NaN	NaN
23-Feb-2025 00:00:08	29.6422	1.3487	NaN	0.5040	0.5080	54.0001	25.9802	NaN	NaN
23-Feb-2025 00:15:09	29.6941	1.3343	NaN	0.5130	0.5170	54.0105	26.0107	NaN	NaN
23-Feb-2025 00:30:09	29.7614	1.3722	NaN	0.5210	0.5260	54.0209	26.0931	NaN	NaN
23-Feb-2025 00:45:08	29.8684	1.3850	NaN	0.5370	0.5410	54.0314	26.1881	NaN	NaN
23-Feb-2025 01:00:09	29.9314	1.3756	NaN	0.5510	0.5560	54.0418	26.2312	NaN	NaN
23-Feb-2025 01:15:09	29.8714	1.3605	NaN	0.5690	0.5740	54.0522	26.1719	NaN	NaN
23-Feb-2025 01:30:08	29.9291	1.3564	NaN	0.5870	0.5920	54.0626	26.2148	NaN	NaN
23-Feb-2025 01:45:07	29.9168	1.3244	NaN	0.6060	0.6110	54.0730	26.1806	NaN	NaN
23-Feb-2025 02:00:09	30.0144	1.3881	NaN	0.6240	0.6290	54.0834	26.3069	NaN	NaN
23-Feb-2025 02:15:08	30.0180	1.3750	NaN	0.6440	0.6490	54.0939	26.2998	NaN	NaN
23-Feb-2025 02:30:09	30.0161	1.3526	NaN	0.6640	0.6700	54.1043	26.2811	NaN	NaN
23-Feb-2025 02:45:09	30.0062	1.3294	NaN	0.6840	0.6900	54.1147	26.2556	NaN	NaN
23-Feb-2025 03:00:08	29.9886	1.2939	NaN	0.7080	0.7130	54.1251	26.2145	NaN	NaN
23-Feb-2025 03:15:09	29.9855	1.2383	NaN	0.7300	0.7350	54.1355	26.1696	NaN	NaN
23-Feb-2025 03:30:09	30.0365	1.1908	NaN	0.7510	0.7570	54.1459	26.1739	NaN	NaN
23-Feb-2025 03:45:08	30.0946	1.2435	NaN	0.7730	0.7790	54.1564	26.2602	NaN	NaN
23-Feb-2025 04:00:09	30.1456	1.2763	NaN	0.7950	0.8010	54.1668	26.3258	NaN	NaN
23-Feb-2025 04:15:09	30.0788	1.1971	NaN	0.8140	0.8210	54.1772	26.2122	NaN	NaN
23-Feb-2025 04:30:08	30.2206	1.2985	NaN	0.8290	0.8350	54.1876	26.4025	NaN	NaN
23-Feb-2025 04:45:09	30.2038	1.2672	NaN	0.8430	0.8490	54.1980	26.3651	NaN	NaN
23-Feb-2025 05:00:09	30.2208	1.3007	NaN	0.8560	0.8620	54.2084	26.4043	NaN	NaN
23-Feb-2025 05:15:08	30.2205	1.2360	NaN	0.8630	0.8700	54.2189	26.3545	NaN	NaN
23-Feb-2025 05:30:09	30.2495	1.2333	NaN	0.8690	0.8760	54.2293	26.3753	NaN	NaN
23-Feb-2025 05:45:09	30.3099	1.2368	NaN	0.8690	0.8760	54.2397	26.4259	NaN	NaN
23-Feb-2025 06:00:08	30.2265	1.2035	NaN	0.8580	0.8640	54.2501	26.3342	NaN	NaN
23-Feb-2025 06:15:09	30.1640	1.1573	NaN	0.8460	0.8520	54.2605	26.2493	NaN	NaN
23-Feb-2025 06:30:09	30.1120	1.1028	NaN	0.8360	0.8430	54.2709	26.1665	NaN	NaN
23-Feb-2025 06:45:08	30.1862	1.1585	NaN	0.8210	0.8280	54.2814	26.2678	NaN	NaN
23-Feb-2025 07:00:09	30.3213	1.2249	NaN	0.8070	0.8130	54.2918	26.4257	NaN	NaN
23-Feb-2025 07:15:09	30.3054	1.1422	NaN	0.7900	0.7970	54.3022	26.3495	NaN	NaN
23-Feb-2025 07:30:08	30.1959	1.0958	NaN	0.7730	0.7790	54.3126	26.2274	NaN	NaN
23-Feb-2025 07:45:09	30.0258	0.9766	NaN	0.7580	0.7640	54.3230	26.0022	NaN	NaN
23-Feb-2025 08:00:09	30.1714	1.1341	NaN	0.7420	0.7480	54.3334	26.2373	NaN	NaN
23-Feb-2025 08:15:08	30.1190	1.1011	NaN	0.7250	0.7310	54.3439	26.1707	NaN	NaN
23-Feb-2025 08:30:09	30.1283	1.1490	NaN	0.7070	0.7130	54.3543	26.2147	NaN	NaN
23-Feb-2025 08:45:09	30.1046	1.1444	NaN	0.6920	0.6980	54.3647	26.1924	NaN	NaN
23-Feb-2025 09:00:08	30.0657	1.2935	NaN	0.6730	0.6790	54.3751	26.2755	NaN	NaN
23-Feb-2025 09:15:09	30.0489	1.3501	NaN	0.6570	0.6620	54.3855	26.3054	NaN	NaN
23-Feb-2025 09:30:09	30.0380	1.4360	NaN	0.6380	0.6430	54.3959	26.3624	NaN	NaN
23-Feb-2025 09:45:08	29.8866	1.5956	NaN	0.6220	0.6270	54.4064	26.3631	NaN	NaN
23-Feb-2025 10:00:07	29.8645	1.6866	NaN	0.6050	0.6100	54.4168	26.4149	NaN	NaN
23-Feb-2025 10:15:08	29.8061	1.7334	NaN	0.5890	0.5930	54.4272	26.4036	NaN	NaN
23-Feb-2025 10:30:08	29.8065	1.8142	NaN	0.5710	0.5760	54.4376	26.4654	NaN	NaN
23-Feb-2025 10:45:09	29.7926	1.9615	NaN	0.5540	0.5580	54.4480	26.5666	NaN	NaN
23-Feb-2025 11:00:09	29.7801	2.0578	NaN	0.5390	0.5430	54.4584	26.6300	NaN	NaN
23-Feb-2025 11:15:08	29.7116	2.1406	NaN	0.5230	0.5270	54.4689	26.6375	NaN	NaN
23-Feb-2025 11:30:09	29.6763	2.2235	NaN	0.5070	0.5110	54.4793	26.6720	NaN	NaN
23-Feb-2025 11:45:09	29.6405	2.3243	NaN	0.4910	0.4950	54.4897	26.7196	NaN	NaN
23-Feb-2025 12:00:08	29.6259	2.4564	NaN	0.4800	0.4830	54.5001	26.8085	NaN	NaN
23-Feb-2025 12:15:09	29.6110	2.5362	NaN	0.4700	0.4740	54.5105	26.8572	NaN	NaN
23-Feb-2025 12:30:08	29.6022	2.5703	NaN	0.4640	0.4670	54.5209	26.8760	NaN	NaN
23-Feb-2025 12:45:08	29.5944	2.6118	NaN	0.4620	0.4660	54.5313	26.9013	NaN	NaN
23-Feb-2025 13:00:07	29.6149	2.6542	NaN	0.4660	0.4700	54.5418	26.9505	NaN	NaN
23-Feb-2025 13:15:08	29.6672	2.6800	NaN	0.4750	0.4780	54.5522	27.0137	NaN	NaN
23-Feb-2025 13:30:08	29.7022	2.8220	NaN	0.4820	0.4860	54.5626	27.1516	NaN	NaN
23-Feb-2025 13:45:07	29.7413	2.8321	NaN	0.4940	0.4980	54.5730	27.1919	NaN	NaN
23-Feb-2025 14:00:08	29.7316	2.9893	NaN	0.5090	0.5130	54.5834	27.3048	NaN	NaN
23-Feb-2025 14:15:08	29.7324	3.1304	NaN	0.5230	0.5270	54.5938	27.4143	NaN	NaN
23-Feb-2025 14:30:07	29.7336	3.3791	NaN	0.5430	0.5470	54.6043	27.6074	NaN	NaN
23-Feb-2025 14:45:08	29.7536	3.4788	NaN	0.5610	0.5660	54.6147	27.7015	NaN	NaN
23-Feb-2025 15:00:08	29.7886	3.5279	NaN	0.5780	0.5820	54.6251	27.7691	NaN	NaN
23-Feb-2025 15:15:07	29.7678	3.5841	NaN	0.5990	0.6040	54.6355	27.7951	NaN	NaN
23-Feb-2025 15:30:08	29.8603	3.5007	NaN	0.6180	0.6230	54.6459	27.8086	NaN	NaN
23-Feb-2025 15:45:08	29.9062	3.4795	NaN	0.6360	0.6410	54.6563	27.8310	NaN	NaN
23-Feb-2025 16:00:07	29.9791	3.4732	NaN	0.6530	0.6580	54.6668	27.8877	NaN	NaN
23-Feb-2025 16:15:08	30.0038	3.4658	NaN	0.6730	0.6780	54.6772	27.9028	NaN	NaN
23-Feb-2025 16:30:08	30.0261	3.4639	NaN	0.6940	0.6990	54.6876	27.9200	NaN	NaN
23-Feb-2025 16:45:07	30.0575	3.4556	NaN	0.7130	0.7180	54.6980	27.9401	NaN	NaN
23-Feb-2025 17:00:08	30.1295	3.5617	NaN	0.7300	0.7360	54.7084	28.0839	NaN	NaN
23-Feb-2025 17:15:08	30.1297	3.5221	NaN	0.7450	0.7500	54.7188	28.0530	NaN	NaN
23-Feb-2025 17:30:07	30.2345	3.5776	NaN	0.7610	0.7670	54.7293	28.1852	NaN	NaN
23-Feb-2025 17:45:08	30.2569	3.6720	NaN	0.7760	0.7820	54.7397	28.2784	NaN	NaN
23-Feb-2025 18:00:08	30.2390	3.6268	NaN	0.7850	0.7910	54.7501	28.2278	NaN	NaN
23-Feb-2025 18:15:07	30.1537	3.5479	NaN	0.7940	0.8000	54.7605	28.0936	NaN	NaN
23-Feb-2025 18:30:08	30.3224	3.5548	NaN	0.7970	0.8030	54.7709	28.2416	NaN	NaN
23-Feb-2025 18:45:08	30.3681	3.5357	NaN	0.7940	0.8010	54.7813	28.2652	NaN	NaN
23-Feb-2025 19:00:07	30.3986	3.5512	NaN	0.7880	0.7940	54.7918	28.3031	NaN	NaN
23-Feb-2025 19:15:08	30.4093	3.5549	NaN	0.7800	0.7860	54.8022	28.3151	NaN	NaN
23-Feb-2025 19:30:08	30.4033	3.5606	NaN	0.7680	0.7740	54.8126	28.3145	NaN	NaN
23-Feb-2025 19:45:07	30.4142	3.5674	NaN	0.7540	0.7600	54.8230	28.3291	NaN	NaN
23-Feb-2025 20:00:08	30.3844	3.5449	NaN	0.7390	0.7450	54.8334	28.2861	NaN	NaN
23-Feb-2025 20:15:08	30.3914	3.5625	NaN	0.7240	0.7300	54.8438	28.3059	NaN	NaN
23-Feb-2025 20:30:07	30.3709	3.5752	NaN	0.7060	0.7120	54.8543	28.2986	NaN	NaN
23-Feb-2025 20:45:08	30.3428	3.5954	NaN	0.6890	0.6940	54.8647	28.2908	NaN	NaN
23-Feb-2025 21:00:08	30.3390	3.6025	NaN	0.6740	0.6790	54.8751	28.2932	NaN	NaN
23-Feb-2025 21:15:07	30.3187	3.6114	NaN	0.6580	0.6640	54.8855	28.2830	NaN	NaN
23-Feb-2025 21:30:08	30.3233	3.5771	NaN	0.6440	0.6490	54.8959	28.2598	NaN	NaN
23-Feb-2025 21:45:08	30.2223	3.5520	NaN	0.6270	0.6320	54.9063	28.1547	NaN	NaN
23-Feb-2025 22:00:07	30.2202	3.5594	NaN	0.6070	0.6120	54.9168	28.1588	NaN	NaN
23-Feb-2025 22:15:08	30.1407	3.3491	NaN	0.5910	0.5950	54.9272	27.9268	NaN	NaN
23-Feb-2025 22:30:08	30.0685	3.2319	NaN	0.5750	0.5800	54.9376	27.7746	NaN	NaN
23-Feb-2025 22:45:07	30.0697	3.2401	NaN	0.5590	0.5640	54.9480	27.7821	NaN	NaN
23-Feb-2025 23:00:08	30.2688	3.5078	NaN	0.5450	0.5500	54.9584	28.1592	NaN	NaN
23-Feb-2025 23:15:08	30.2235	3.5742	NaN	0.5310	0.5360	54.9688	28.1731	NaN	NaN
23-Feb-2025 23:30:07	30.2812	3.5767	NaN	0.5200	0.5240	54.9793	28.2239	NaN	NaN
23-Feb-2025 23:45:08	30.1228	3.3986	NaN	0.5130	0.5170	54.9897	27.9505	NaN	NaN
24-Feb-2025 00:00:08	30.2134	3.4659	NaN	0.5060	0.5100	55.0001	28.0795	NaN	NaN
24-Feb-2025 00:15:07	30.2186	3.4095	NaN	0.5020	0.5060	55.0105	28.0396	NaN	NaN
24-Feb-2025 00:30:08	30.1967	3.3958	NaN	0.5000	0.5040	55.0209	28.0105	NaN	NaN
24-Feb-2025 00:45:08	30.2192	3.5124	NaN	0.5050	0.5090	55.0313	28.1209	NaN	NaN
24-Feb-2025 01:00:07	30.1993	3.3975	NaN	0.5150	0.5190	55.0418	28.0140	NaN	NaN
24-Feb-2025 01:15:08	30.0916	3.2775	NaN	0.5250	0.5300	55.0522	27.8296	NaN	NaN
24-Feb-2025 01:30:08	30.0847	3.1397	NaN	0.5380	0.5420	55.0626	27.7163	NaN	NaN
24-Feb-2025 01:45:07	30.2884	3.2093	NaN	0.5520	0.5560	55.0730	27.9412	NaN	NaN
24-Feb-2025 02:00:08	30.0897	3.0760	NaN	0.5670	0.5710	55.0834	27.6708	NaN	NaN
24-Feb-2025 02:15:08	30.2357	3.1469	NaN	0.5850	0.5900	55.0938	27.8481	NaN	NaN
24-Feb-2025 02:30:07	30.2927	3.2697	NaN	0.6060	0.6110	55.1043	27.9922	NaN	NaN
24-Feb-2025 02:45:08	30.2594	3.3399	NaN	0.6310	0.6360	55.1147	28.0194	NaN	NaN
24-Feb-2025 03:00:08	30.1660	3.0454	NaN	0.6560	0.6610	55.1251	27.7106	NaN	NaN
24-Feb-2025 03:15:07	30.1707	3.1895	NaN	0.6840	0.6890	55.1355	27.8272	NaN	NaN
24-Feb-2025 03:30:08	30.2058	3.3211	NaN	0.7120	0.7180	55.1459	27.9596	NaN	NaN
24-Feb-2025 03:45:08	30.2407	3.3608	NaN	0.7410	0.7470	55.1563	28.0202	NaN	NaN
24-Feb-2025 04:00:07	30.3066	3.3598	NaN	0.7690	0.7760	55.1668	28.0747	NaN	NaN
24-Feb-2025 04:15:08	30.4025	3.2874	NaN	0.7990	0.8060	55.1772	28.0983	NaN	NaN
24-Feb-2025 04:30:08	30.4368	3.2713	NaN	0.8270	0.8340	55.1876	28.1143	NaN	NaN
24-Feb-2025 04:45:07	30.4394	3.2567	NaN	0.8540	0.8600	55.1980	28.1050	NaN	NaN
24-Feb-2025 05:00:08	30.4359	3.2090	NaN	0.8790	0.8860	55.2084	28.0645	NaN	NaN
24-Feb-2025 05:15:08	30.4161	3.1405	NaN	0.9040	0.9110	55.2188	27.9940	NaN	NaN
24-Feb-2025 05:30:07	30.4088	3.1267	NaN	0.9250	0.9320	55.2293	27.9771	NaN	NaN
24-Feb-2025 05:45:08	30.4018	3.1110	NaN	0.9480	0.9560	55.2397	27.9589	NaN	NaN
24-Feb-2025 06:00:08	30.4064	3.1129	NaN	0.9680	0.9760	55.2501	27.9642	NaN	NaN
24-Feb-2025 06:15:07	30.4016	3.1110	NaN	0.9830	0.9900	55.2605	27.9588	NaN	NaN
24-Feb-2025 06:30:08	30.4034	3.1012	NaN	0.9960	1.0040	55.2709	27.9525	NaN	NaN
24-Feb-2025 06:45:08	30.4056	3.1317	NaN	1.0050	1.0130	55.2813	27.9784	NaN	NaN
24-Feb-2025 07:00:07	30.4136	3.1464	NaN	1.0040	1.0120	55.2918	27.9966	NaN	NaN
24-Feb-2025 07:15:08	30.4222	3.1563	NaN	0.9960	1.0040	55.3022	28.0115	NaN	NaN
24-Feb-2025 07:30:08	30.4221	3.1383	NaN	0.9830	0.9910	55.3126	27.9973	NaN	NaN
24-Feb-2025 07:45:07	30.4197	3.1581	NaN	0.9800	0.9870	55.3230	28.0108	NaN	NaN
24-Feb-2025 08:00:08	30.4060	3.1541	NaN	0.9450	0.9520	55.3334	27.9963	NaN	NaN
24-Feb-2025 08:15:08	30.4132	3.1648	NaN	0.9270	0.9340	55.3438	28.0107	NaN	NaN
24-Feb-2025 08:30:07	30.4176	3.1844	NaN	0.9070	0.9140	55.3543	28.0299	NaN	NaN
24-Feb-2025 08:45:08	30.4131	3.2022	NaN	0.8860	0.8930	55.3647	28.0401	NaN	NaN
24-Feb-2025 09:00:08	30.4111	3.2314	NaN	0.8650	0.8720	55.3751	28.0614	NaN	NaN
24-Feb-2025 09:15:07	30.4085	3.2852	NaN	0.8440	0.8500	55.3855	28.1016	NaN	NaN
24-Feb-2025 09:30:08	30.3948	3.3608	NaN	0.8230	0.8290	55.3959	28.1496	NaN	NaN
24-Feb-2025 09:45:08	30.2974	3.3427	NaN	0.8050	0.8120	55.4063	28.0536	NaN	NaN
24-Feb-2025 10:00:07	29.9289	3.0648	NaN	0.7870	0.7930	55.4168	27.5279	NaN	NaN
24-Feb-2025 10:15:08	29.6133	2.9648	NaN	0.7670	0.7730	55.4272	27.1874	NaN	NaN
24-Feb-2025 10:30:08	29.5243	3.0049	NaN	0.7480	0.7540	55.4376	27.1439	NaN	NaN
24-Feb-2025 10:45:07	29.5217	3.0580	NaN	0.7280	0.7330	55.4480	27.1824	NaN	NaN
24-Feb-2025 11:00:08	29.5267	3.1434	NaN	0.7070	0.7120	55.4584	27.2520	NaN	NaN
24-Feb-2025 11:15:08	29.5182	3.2146	NaN	0.6850	0.6900	55.4688	27.2995	NaN	NaN
24-Feb-2025 11:30:07	29.5599	3.3748	NaN	0.6640	0.6700	55.4793	27.4577	NaN	NaN
24-Feb-2025 11:45:08	29.5800	3.5895	NaN	0.6440	0.6490	55.4897	27.6401	NaN	NaN
24-Feb-2025 12:00:08	29.6681	3.6968	NaN	0.6230	0.6280	55.5001	27.7979	NaN	NaN
24-Feb-2025 12:15:07	29.6866	3.8115	NaN	0.6030	0.6080	55.5105	27.9025	NaN	NaN
24-Feb-2025 12:30:08	29.6547	3.8265	NaN	0.5870	0.5910	55.5209	27.8869	NaN	NaN
24-Feb-2025 12:45:08	29.6348	3.8288	NaN	0.5700	0.5750	55.5313	27.8717	NaN	NaN
24-Feb-2025 13:00:07	29.6275	3.9162	NaN	0.5520	0.5560	55.5418	27.9332	NaN	NaN
24-Feb-2025 13:15:06	29.6094	3.9903	NaN	0.5390	0.5430	55.5522	27.9752	NaN	NaN
24-Feb-2025 13:30:06	29.6154	4.0021	NaN	0.5260	0.5300	55.5626	27.9894	NaN	NaN
24-Feb-2025 13:45:07	29.6018	4.1200	NaN	0.5150	0.5190	55.5730	28.0692	NaN	NaN
24-Feb-2025 14:00:08	29.5915	4.1872	NaN	0.5120	0.5160	55.5834	28.1125	NaN	NaN
24-Feb-2025 14:15:08	29.5931	4.2495	NaN	0.5170	0.5210	55.5938	28.1622	NaN	NaN
24-Feb-2025 14:30:07	29.5648	4.3109	NaN	0.5290	0.5330	55.6043	28.1855	NaN	NaN
24-Feb-2025 14:45:08	29.5332	4.5346	NaN	0.5470	0.5510	55.6147	28.3319	NaN	NaN
24-Feb-2025 15:00:08	29.5641	4.5803	NaN	0.5630	0.5670	55.6251	28.3944	NaN	NaN
24-Feb-2025 15:15:07	29.5770	4.7434	NaN	0.5800	0.5850	55.6355	28.5328	NaN	NaN
24-Feb-2025 15:30:08	29.5842	4.9556	NaN	0.5980	0.6030	55.6459	28.7048	NaN	NaN
24-Feb-2025 15:45:08	29.6000	5.0480	NaN	0.6220	0.6270	55.6563	28.7911	NaN	NaN
24-Feb-2025 16:00:07	29.6188	5.0236	NaN	0.6450	0.6500	55.6667	28.7886	NaN	NaN
24-Feb-2025 16:15:06	29.6519	4.8387	NaN	0.6660	0.6710	55.6772	28.6729	NaN	NaN
24-Feb-2025 16:30:06	29.6788	4.5820	NaN	0.6900	0.6950	55.6876	28.4957	NaN	NaN
24-Feb-2025 16:45:07	29.6649	4.6555	NaN	0.7170	0.7220	55.6980	28.5410	NaN	NaN
24-Feb-2025 17:00:06	29.6526	4.8736	NaN	0.7450	0.7510	55.7084	28.7009	NaN	NaN
24-Feb-2025 17:15:06	29.7907	4.7747	NaN	0.7700	0.7760	55.7188	28.7443	NaN	NaN
24-Feb-2025 17:30:07	29.9079	4.6358	NaN	0.7940	0.8000	55.7292	28.7374	NaN	NaN
24-Feb-2025 17:45:06	30.1477	4.7653	NaN	0.8140	0.8210	55.7397	29.0489	NaN	NaN
24-Feb-2025 18:00:06	30.3642	4.8487	NaN	0.8330	0.8390	55.7501	29.3046	NaN	NaN
24-Feb-2025 18:15:07	30.0486	4.6854	NaN	0.8520	0.8590	55.7605	28.8992	NaN	NaN
24-Feb-2025 18:30:08	30.0301	4.6067	NaN	0.8710	0.8780	55.7709	28.8209	NaN	NaN
24-Feb-2025 18:45:08	30.0523	4.6056	NaN	0.8860	0.8930	55.7813	28.8394	NaN	NaN
24-Feb-2025 19:00:07	30.1095	4.5600	NaN	0.8980	0.9050	55.7918	28.8530	NaN	NaN
24-Feb-2025 19:15:08	30.1685	4.5522	NaN	0.9050	0.9120	55.8022	28.8981	NaN	NaN
24-Feb-2025 19:30:08	30.3010	4.5736	NaN	0.9040	0.9110	55.8126	29.0302	NaN	NaN
24-Feb-2025 19:45:07	30.4155	4.6341	NaN	0.8930	0.9000	55.8230	29.1779	NaN	NaN
24-Feb-2025 20:00:08	30.4071	4.5938	NaN	0.8770	0.8830	55.8334	29.1383	NaN	NaN
24-Feb-2025 20:15:08	30.3667	4.5602	NaN	0.8580	0.8650	55.8438	29.0765	NaN	NaN
24-Feb-2025 20:30:07	29.8655	4.5284	NaN	0.8400	0.8470	55.8543	28.6162	NaN	NaN
24-Feb-2025 20:45:08	29.5482	4.5343	NaN	0.8270	0.8340	55.8647	28.3449	NaN	NaN
24-Feb-2025 21:00:08	29.4331	4.5373	NaN	0.8080	0.8140	55.8751	28.2469	NaN	NaN
24-Feb-2025 21:15:07	29.3455	4.5422	NaN	0.7870	0.7930	55.8855	28.1745	NaN	NaN
24-Feb-2025 21:30:06	29.3362	4.5630	NaN	0.7650	0.7710	55.8959	28.1825	NaN	NaN
24-Feb-2025 21:45:06	29.1378	4.5561	NaN	0.7410	0.7470	55.9063	28.0042	NaN	NaN
24-Feb-2025 22:00:07	29.1263	4.5716	NaN	0.7190	0.7250	55.9167	28.0060	NaN	NaN
24-Feb-2025 22:15:06	29.0308	4.5672	NaN	0.6990	0.7050	55.9272	27.9193	NaN	NaN
24-Feb-2025 22:30:06	29.0179	4.5839	NaN	0.6780	0.6830	55.9376	27.9208	NaN	NaN
24-Feb-2025 22:45:07	29.1913	4.5892	NaN	0.6560	0.6610	55.9480	28.0763	NaN	NaN
24-Feb-2025 23:00:08	29.3651	4.5462	NaN	0.6370	0.6420	55.9584	28.1946	NaN	NaN
24-Feb-2025 23:15:08	29.3324	4.5439	NaN	0.6170	0.6220	55.9688	28.1643	NaN	NaN
24-Feb-2025 23:30:07	29.3426	4.5506	NaN	0.5960	0.6010	55.9793	28.1784	NaN	NaN
24-Feb-2025 23:45:08	29.2761	4.5458	NaN	0.5850	0.5900	55.9897	28.1167	NaN	NaN
25-Feb-2025 00:00:08	29.3184	4.5210	NaN	0.5690	0.5730	56.0001	28.1344	NaN	NaN
25-Feb-2025 00:15:07	29.2224	4.5262	NaN	0.5560	0.5600	56.0105	28.0548	NaN	NaN
25-Feb-2025 00:30:08	29.1867	4.5330	NaN	0.5420	0.5470	56.0209	28.0289	NaN	NaN
25-Feb-2025 00:45:08	29.0548	4.5227	NaN	0.5320	0.5360	56.0313	27.9060	NaN	NaN
25-Feb-2025 01:00:07	29.0525	4.5140	NaN	0.5200	0.5240	56.0418	27.8973	NaN	NaN
25-Feb-2025 01:15:08	29.0672	4.4908	NaN	0.5160	0.5200	56.0522	27.8924	NaN	NaN
25-Feb-2025 01:30:08	29.5594	4.4996	NaN	0.5150	0.5190	56.0626	28.3274	NaN	NaN
25-Feb-2025 01:45:07	29.5482	4.4870	NaN	0.5170	0.5210	56.0730	28.3079	NaN	NaN
25-Feb-2025 02:00:06	29.3339	4.4460	NaN	0.5300	0.5340	56.0834	28.0900	NaN	NaN
25-Feb-2025 02:15:06	29.3887	4.4642	NaN	0.5440	0.5480	56.0938	28.1517	NaN	NaN
25-Feb-2025 02:30:07	29.5315	4.4346	NaN	0.5580	0.5630	56.1042	28.2528	NaN	NaN
25-Feb-2025 02:45:06	29.6809	4.5056	NaN	0.5740	0.5780	56.1147	28.4378	NaN	NaN
25-Feb-2025 03:00:06	29.4711	4.4282	NaN	0.5930	0.5970	56.1251	28.1953	NaN	NaN
25-Feb-2025 03:15:07	29.5467	4.3591	NaN	0.6160	0.6210	56.1355	28.2073	NaN	NaN
25-Feb-2025 03:30:08	29.9657	4.4904	NaN	0.6410	0.6460	56.1459	28.6731	NaN	NaN
25-Feb-2025 03:45:08	30.0795	4.4768	NaN	0.6670	0.6720	56.1563	28.7612	NaN	NaN
25-Feb-2025 04:00:07	30.2923	4.4909	NaN	0.6940	0.7000	56.1668	28.9568	NaN	NaN
25-Feb-2025 04:15:08	30.3643	4.4444	NaN	0.7230	0.7290	56.1772	28.9821	NaN	NaN
25-Feb-2025 04:30:08	30.4135	4.4276	NaN	0.7520	0.7580	56.1876	29.0113	NaN	NaN
25-Feb-2025 04:45:07	30.4198	4.4168	NaN	0.7820	0.7880	56.1980	29.0082	NaN	NaN
25-Feb-2025 05:00:08	30.5266	4.4181	NaN	0.8140	0.8200	56.2084	29.1015	NaN	NaN
25-Feb-2025 05:15:08	30.6252	4.3859	NaN	0.8450	0.8510	56.2188	29.1608	NaN	NaN
25-Feb-2025 05:30:07	30.6756	4.3518	NaN	0.8730	0.8800	56.2293	29.1769	NaN	NaN
25-Feb-2025 05:45:08	30.6780	4.3363	NaN	0.9020	0.9090	56.2397	29.1666	NaN	NaN
25-Feb-2025 06:00:08	30.6770	4.3284	NaN	0.9310	0.9380	56.2501	29.1594	NaN	NaN
25-Feb-2025 06:15:07	30.6853	4.3265	NaN	0.9560	0.9640	56.2605	29.1650	NaN	NaN
25-Feb-2025 06:30:08	30.7673	4.3002	NaN	0.9800	0.9880	56.2709	29.2145	NaN	NaN
25-Feb-2025 06:45:08	30.8212	4.2811	NaN	1.0030	1.0110	56.2813	29.2455	NaN	NaN
25-Feb-2025 07:00:07	30.8502	4.2713	NaN	1.0230	1.0310	56.2917	29.2625	NaN	NaN
25-Feb-2025 07:15:06	30.9158	4.2152	NaN	1.0390	1.0470	56.3022	29.2737	NaN	NaN
25-Feb-2025 07:30:06	31.0041	4.1724	NaN	1.0560	1.0650	56.3126	29.3147	NaN	NaN
25-Feb-2025 07:45:07	31.0855	4.1419	NaN	1.0610	1.0690	56.3230	29.3597	NaN	NaN
25-Feb-2025 08:00:06	31.1304	4.1209	NaN	1.0590	1.0670	56.3334	29.3811	NaN	NaN
25-Feb-2025 08:15:08	31.1277	4.1278	NaN	1.0490	1.0580	56.3438	29.3844	NaN	NaN
25-Feb-2025 08:30:07	31.1423	4.1250	NaN	1.0280	1.0360	56.3543	29.3945	NaN	NaN
25-Feb-2025 08:45:08	31.1397	4.1517	NaN	1.0240	1.0330	56.3647	29.4140	NaN	NaN
25-Feb-2025 09:00:08	31.1376	4.1850	NaN	0.9790	0.9860	56.3751	29.4392	NaN	NaN
25-Feb-2025 09:15:07	31.1507	4.1905	NaN	0.9540	0.9620	56.3855	29.4549	NaN	NaN
25-Feb-2025 09:30:08	31.1548	4.2147	NaN	0.9300	0.9370	56.3959	29.4781	NaN	NaN
25-Feb-2025 09:45:08	31.2035	4.2545	NaN	0.9050	0.9120	56.4063	29.5521	NaN	NaN
25-Feb-2025 10:00:07	31.3291	4.2774	NaN	0.8800	0.8870	56.4168	29.6786	NaN	NaN
25-Feb-2025 10:15:08	31.3849	4.2755	NaN	0.8570	0.8640	56.4272	29.7248	NaN	NaN
25-Feb-2025 10:30:08	31.3860	4.3764	NaN	0.8350	0.8410	56.4376	29.8084	NaN	NaN
25-Feb-2025 10:45:07	31.4237	4.3771	NaN	0.8040	0.8110	56.4480	29.8413	NaN	NaN
25-Feb-2025 11:00:08	31.4425	4.4460	NaN	0.7740	0.7810	56.4584	29.9140	NaN	NaN
25-Feb-2025 11:15:08	31.4519	4.4987	NaN	0.7490	0.7550	56.4688	29.9654	NaN	NaN
25-Feb-2025 11:30:07	31.4790	4.5258	NaN	0.7250	0.7310	56.4792	30.0110	NaN	NaN
25-Feb-2025 11:45:06	31.3078	4.7430	NaN	0.7000	0.7050	56.4897	30.0412	NaN	NaN
25-Feb-2025 12:00:06	30.5407	4.9431	NaN	0.6730	0.6780	56.5001	29.5346	NaN	NaN
25-Feb-2025 12:15:07	31.5223	4.6866	NaN	0.6470	0.6520	56.5105	30.1808	NaN	NaN
25-Feb-2025 12:30:06	31.5660	4.6845	NaN	0.6210	0.6260	56.5209	30.2169	NaN	NaN
25-Feb-2025 12:45:08	30.2188	5.4891	NaN	0.5970	0.6020	56.5313	29.6885	NaN	NaN
25-Feb-2025 13:00:07	30.0148	5.6274	NaN	0.5730	0.5780	56.5418	29.6171	NaN	NaN
25-Feb-2025 13:15:08	29.9003	5.6063	NaN	0.5500	0.5550	56.5522	29.4980	NaN	NaN
25-Feb-2025 13:30:08	29.8387	5.5764	NaN	0.5330	0.5370	56.5626	29.4192	NaN	NaN
25-Feb-2025 13:45:07	29.8175	5.6666	NaN	0.5150	0.5190	56.5730	29.4717	NaN	NaN
25-Feb-2025 14:00:06	29.8314	5.6798	NaN	0.4940	0.4980	56.5834	29.4946	NaN	NaN
25-Feb-2025 14:15:06	29.8407	5.7562	NaN	0.4770	0.4810	56.5938	29.5636	NaN	NaN
25-Feb-2025 14:30:07	29.8545	5.8275	NaN	0.4660	0.4690	56.6042	29.6326	NaN	NaN
25-Feb-2025 14:45:06	29.8998	6.1227	NaN	0.4600	0.4640	56.6147	29.9085	NaN	NaN
25-Feb-2025 15:00:06	29.9128	6.1263	NaN	0.4620	0.4660	56.6251	29.9232	NaN	NaN
25-Feb-2025 15:15:07	30.0066	6.1550	NaN	0.4760	0.4800	56.6355	30.0311	NaN	NaN
25-Feb-2025 15:30:06	30.1745	6.2981	NaN	0.4930	0.4970	56.6459	30.2984	NaN	NaN
25-Feb-2025 15:45:06	30.1701	6.3706	NaN	0.5150	0.5190	56.6563	30.3529	NaN	NaN
25-Feb-2025 16:00:07	30.4327	6.2184	NaN	0.5390	0.5440	56.6667	30.4683	NaN	NaN
25-Feb-2025 16:15:06	30.2547	6.4966	NaN	0.5670	0.5710	56.6772	30.5318	NaN	NaN
25-Feb-2025 16:30:06	30.1696	6.3627	NaN	0.5960	0.6000	56.6876	30.3460	NaN	NaN
25-Feb-2025 16:45:07	30.1195	6.2096	NaN	0.6260	0.6310	56.6980	30.1773	NaN	NaN
25-Feb-2025 17:00:06	30.1305	6.1317	NaN	0.6590	0.6640	56.7084	30.1247	NaN	NaN
25-Feb-2025 17:15:06	30.6013	5.8478	NaN	0.6890	0.6950	56.7188	30.3194	NaN	NaN
25-Feb-2025 17:30:07	30.7247	5.8918	NaN	0.7230	0.7280	56.7292	30.4660	NaN	NaN
25-Feb-2025 17:45:06	30.7355	5.9052	NaN	0.7560	0.7620	56.7397	30.4866	NaN	NaN
25-Feb-2025 18:00:06	30.8057	5.8882	NaN	0.7820	0.7880	56.7501	30.5358	NaN	NaN
25-Feb-2025 18:15:07	30.8434	5.8609	NaN	0.8140	0.8210	56.7605	30.5472	NaN	NaN
25-Feb-2025 18:30:06	30.8334	5.8532	NaN	0.8410	0.8470	56.7709	30.5319	NaN	NaN
25-Feb-2025 18:45:06	30.8282	5.8269	NaN	0.8630	0.8700	56.7813	30.5058	NaN	NaN
25-Feb-2025 19:00:07	30.8150	5.8381	NaN	0.8830	0.8900	56.7917	30.5032	NaN	NaN
25-Feb-2025 19:15:06	30.8132	5.8469	NaN	0.9040	0.9110	56.8022	30.5087	NaN	NaN
25-Feb-2025 19:30:06	30.8025	5.8592	NaN	0.9190	0.9260	56.8126	30.5092	NaN	NaN
25-Feb-2025 19:45:07	30.8076	5.8648	NaN	0.9270	0.9340	56.8230	30.5183	NaN	NaN
25-Feb-2025 20:00:06	30.8121	5.8709	NaN	0.9300	0.9370	56.8334	30.5274	NaN	NaN
25-Feb-2025 20:15:06	30.8322	5.8675	NaN	0.9260	0.9330	56.8438	30.5425	NaN	NaN
25-Feb-2025 20:30:07	30.8241	5.8650	NaN	0.9120	0.9190	56.8542	30.5333	NaN	NaN
25-Feb-2025 20:45:06	30.9369	5.8221	NaN	0.8990	0.9060	56.8647	30.5991	NaN	NaN
25-Feb-2025 21:00:06	30.8897	5.8331	NaN	0.8810	0.8880	56.8751	30.5660	NaN	NaN
25-Feb-2025 21:15:07	30.9222	5.7876	NaN	0.8620	0.8690	56.8855	30.5577	NaN	NaN
25-Feb-2025 21:30:06	30.9602	5.7528	NaN	0.8390	0.8450	56.8959	30.5632	NaN	NaN
25-Feb-2025 21:45:06	31.0754	5.6455	NaN	0.8160	0.8220	56.9063	30.5778	NaN	NaN
25-Feb-2025 22:00:07	31.2619	5.5115	NaN	0.7920	0.7990	56.9167	30.6331	NaN	NaN
25-Feb-2025 22:15:06	31.1374	5.5130	NaN	0.7650	0.7710	56.9272	30.5240	NaN	NaN
25-Feb-2025 22:30:08	31.2876	5.5379	NaN	0.7410	0.7470	56.9376	30.6777	NaN	NaN
25-Feb-2025 22:45:07	30.8013	5.7077	NaN	0.7160	0.7220	56.9480	30.3843	NaN	NaN
25-Feb-2025 23:00:08	30.7964	5.7117	NaN	0.6900	0.6960	56.9584	30.3833	NaN	NaN
25-Feb-2025 23:15:06	30.8015	5.7053	NaN	0.6670	0.6720	56.9688	30.3826	NaN	NaN
25-Feb-2025 23:30:07	30.6608	5.7464	NaN	0.6440	0.6490	56.9792	30.2903	NaN	NaN
25-Feb-2025 23:45:06	30.7400	5.6914	NaN	0.6230	0.6280	56.9897	30.3163	NaN	NaN