15-Feb-2025 00:00:01	31.5579	2.9020	NaN	0.7930	0.7990	46.0000	28.7515	NaN	NaN
15-Feb-2025 00:15:00	31.5546	2.9474	NaN	0.7930	0.7990	46.0104	28.7856	NaN	NaN
15-Feb-2025 00:30:01	31.5289	2.9398	NaN	0.7920	0.7990	46.0208	28.7583	NaN	NaN
15-Feb-2025 00:45:01	31.5380	2.9353	NaN	0.7930	0.7990	46.0313	28.7621	NaN	NaN
15-Feb-2025 01:00:00	31.5472	2.9759	NaN	0.7930	0.7990	46.0417	28.8026	NaN	NaN
15-Feb-2025 01:15:01	31.4851	2.9041	NaN	0.7910	0.7980	46.0521	28.6931	NaN	NaN
15-Feb-2025 01:30:01	31.5163	2.9737	NaN	0.7910	0.7970	46.0625	28.7753	NaN	NaN
15-Feb-2025 01:45:00	31.5270	2.8970	NaN	0.7920	0.7980	46.0729	28.7219	NaN	NaN
15-Feb-2025 02:00:01	31.5150	2.8940	NaN	0.7900	0.7960	46.0833	28.7096	NaN	NaN
15-Feb-2025 02:15:01	31.5248	2.8894	NaN	0.7890	0.7950	46.0938	28.7140	NaN	NaN
15-Feb-2025 02:30:00	31.4820	2.8746	NaN	0.7880	0.7940	46.1042	28.6667	NaN	NaN
15-Feb-2025 02:45:01	31.4537	2.9153	NaN	0.7890	0.7950	46.1146	28.6762	NaN	NaN
15-Feb-2025 03:00:01	31.4300	2.9103	NaN	0.7890	0.7950	46.1250	28.6526	NaN	NaN
15-Feb-2025 03:15:00	31.4018	2.9191	NaN	0.7900	0.7960	46.1354	28.6364	NaN	NaN
15-Feb-2025 03:30:01	31.3632	2.9411	NaN	0.7790	0.7850	46.1458	28.6222	NaN	NaN
15-Feb-2025 03:45:01	31.3074	2.9650	NaN	0.7610	0.7670	46.1563	28.5953	NaN	NaN
15-Feb-2025 04:00:00	31.2281	2.9927	NaN	0.7330	0.7390	46.1667	28.5519	NaN	NaN
15-Feb-2025 04:15:01	31.1583	2.9553	NaN	0.7270	0.7330	46.1771	28.4640	NaN	NaN
15-Feb-2025 04:30:01	31.1163	2.8134	NaN	0.7180	0.7240	46.1875	28.3156	NaN	NaN
15-Feb-2025 04:45:00	31.0915	2.8438	NaN	0.7100	0.7150	46.1979	28.3194	NaN	NaN
15-Feb-2025 05:00:01	31.1113	2.8158	NaN	0.6940	0.7000	46.2083	28.3134	NaN	NaN
15-Feb-2025 05:15:01	31.1084	2.9663	NaN	0.6920	0.6970	46.2188	28.4315	NaN	NaN
15-Feb-2025 05:30:00	31.1234	2.9760	NaN	0.6730	0.6790	46.2292	28.4517	NaN	NaN
15-Feb-2025 05:45:01	31.1390	2.9950	NaN	0.6770	0.6820	46.2396	28.4799	NaN	NaN
15-Feb-2025 06:00:01	31.0914	3.0910	NaN	0.6800	0.6860	46.2500	28.5173	NaN	NaN
15-Feb-2025 06:15:00	31.0431	3.1092	NaN	0.6820	0.6870	46.2604	28.4917	NaN	NaN
15-Feb-2025 06:30:01	31.1031	3.1052	NaN	0.6820	0.6880	46.2708	28.5385	NaN	NaN
15-Feb-2025 06:45:01	31.0915	3.0591	NaN	0.6810	0.6870	46.2813	28.4918	NaN	NaN
15-Feb-2025 07:00:00	31.1695	2.8700	NaN	0.6800	0.6850	46.2917	28.4048	NaN	NaN
15-Feb-2025 07:15:01	31.0723	3.0386	NaN	0.6780	0.6830	46.3021	28.4595	NaN	NaN
15-Feb-2025 07:30:01	31.0432	3.0283	NaN	0.6800	0.6860	46.3125	28.4271	NaN	NaN
15-Feb-2025 07:45:00	31.0322	3.0747	NaN	0.6810	0.6860	46.3229	28.4551	NaN	NaN
15-Feb-2025 08:00:01	31.0824	2.9873	NaN	0.9900	0.9980	46.3333	28.4269	NaN	NaN
15-Feb-2025 08:15:01	31.0507	2.9358	NaN	1.0440	1.0520	46.3438	28.3594	NaN	NaN
15-Feb-2025 08:30:00	31.0046	3.0256	NaN	1.0430	1.0520	46.3542	28.3930	NaN	NaN
15-Feb-2025 08:45:01	30.9783	2.9305	NaN	1.0980	1.1060	46.3646	28.2952	NaN	NaN
15-Feb-2025 09:00:01	30.9914	2.9889	NaN	1.1000	1.1090	46.3750	28.3528	NaN	NaN
15-Feb-2025 09:15:00	30.9837	2.9224	NaN	1.1520	1.1610	46.3854	28.2932	NaN	NaN
15-Feb-2025 09:30:01	31.1114	3.0077	NaN	1.1710	1.1800	46.3958	28.4674	NaN	NaN
15-Feb-2025 09:45:01	31.3214	2.4332	NaN	1.1880	1.1980	46.4063	28.1796	NaN	NaN
15-Feb-2025 10:00:00	31.4257	2.6769	NaN	1.2040	1.2140	46.4167	28.4608	NaN	NaN
15-Feb-2025 10:15:01	31.4238	2.7012	NaN	1.0010	1.0090	46.4271	28.4787	NaN	NaN
15-Feb-2025 10:30:01	31.4757	2.8351	NaN	1.0370	1.0450	46.4375	28.6297	NaN	NaN
15-Feb-2025 10:45:00	31.4677	2.8469	NaN	1.0380	1.0460	46.4479	28.6326	NaN	NaN
15-Feb-2025 11:00:01	31.5248	2.8782	NaN	1.0480	1.0560	46.4583	28.7051	NaN	NaN
15-Feb-2025 11:15:01	31.5142	2.8887	NaN	1.0640	1.0720	46.4688	28.7047	NaN	NaN
15-Feb-2025 11:30:00	31.5292	2.9736	NaN	1.0570	1.0660	46.4792	28.7860	NaN	NaN
15-Feb-2025 11:45:01	31.5457	3.0338	NaN	1.0610	1.0690	46.4896	28.8485	NaN	NaN
15-Feb-2025 12:00:01	31.5550	3.0427	NaN	1.0540	1.0630	46.5000	28.8635	NaN	NaN
15-Feb-2025 12:15:00	31.5365	3.1153	NaN	1.0350	1.0430	46.5104	28.9070	NaN	NaN
15-Feb-2025 12:30:01	31.5558	3.0600	NaN	1.0150	1.0230	46.5208	28.8782	NaN	NaN
15-Feb-2025 12:45:01	31.5669	3.1843	NaN	0.9940	1.0020	46.5313	28.9884	NaN	NaN
15-Feb-2025 13:00:00	31.5648	3.2921	NaN	0.9720	0.9790	46.5417	29.0743	NaN	NaN
15-Feb-2025 13:15:01	31.5479	3.2477	NaN	0.9440	0.9510	46.5521	29.0241	NaN	NaN
15-Feb-2025 13:30:01	31.5485	3.1141	NaN	0.9180	0.9250	46.5625	28.9160	NaN	NaN
15-Feb-2025 13:45:00	31.5492	3.5790	NaN	0.8870	0.8940	46.5729	29.2951	NaN	NaN
15-Feb-2025 14:00:01	31.5612	3.4216	NaN	0.8620	0.8690	46.5833	29.1768	NaN	NaN
15-Feb-2025 14:15:01	31.5529	3.0226	NaN	0.8340	0.8410	46.5938	28.8453	NaN	NaN
15-Feb-2025 14:30:00	31.4868	3.0603	NaN	0.8040	0.8100	46.6042	28.8211	NaN	NaN
15-Feb-2025 14:45:01	31.3518	3.3500	NaN	0.7790	0.7850	46.6146	28.9434	NaN	NaN
15-Feb-2025 15:00:01	31.3836	3.3757	NaN	0.7530	0.7580	46.6250	28.9907	NaN	NaN
15-Feb-2025 15:15:00	31.2601	3.4245	NaN	0.7260	0.7310	46.6354	28.9268	NaN	NaN
15-Feb-2025 15:30:01	31.1871	3.5730	NaN	0.7020	0.7080	46.6458	28.9855	NaN	NaN
15-Feb-2025 15:45:01	31.2440	3.5164	NaN	0.6770	0.6830	46.6563	28.9876	NaN	NaN
15-Feb-2025 16:00:00	31.1059	3.5222	NaN	0.6520	0.6570	46.6667	28.8761	NaN	NaN
15-Feb-2025 16:15:01	30.9532	3.4723	NaN	0.6320	0.6370	46.6771	28.7076	NaN	NaN
15-Feb-2025 16:30:01	30.5703	3.4178	NaN	0.6130	0.6180	46.6875	28.3422	NaN	NaN
15-Feb-2025 16:45:00	30.2141	3.2516	NaN	0.6020	0.6060	46.6979	27.9121	NaN	NaN
15-Feb-2025 17:00:01	30.2047	3.2401	NaN	0.5900	0.5950	46.7083	27.8952	NaN	NaN
15-Feb-2025 17:15:01	29.4907	3.5139	NaN	0.5890	0.5940	46.7188	27.5061	NaN	NaN
15-Feb-2025 17:30:00	30.1424	3.4734	NaN	0.5840	0.5890	46.7292	28.0256	NaN	NaN
15-Feb-2025 17:45:01	30.0087	3.3716	NaN	0.5860	0.5910	46.7396	27.8333	NaN	NaN
15-Feb-2025 18:00:01	29.8156	3.2601	NaN	0.6030	0.6080	46.7500	27.5844	NaN	NaN
15-Feb-2025 18:15:00	30.0186	3.2651	NaN	0.6210	0.6260	46.7604	27.7586	NaN	NaN
15-Feb-2025 18:30:01	30.1510	3.1923	NaN	0.6340	0.6390	46.7708	27.8128	NaN	NaN
15-Feb-2025 18:45:01	30.3434	3.3203	NaN	0.6640	0.6690	46.7813	28.0746	NaN	NaN
15-Feb-2025 19:00:00	30.6752	3.6733	NaN	0.6840	0.6900	46.7917	28.6338	NaN	NaN
15-Feb-2025 19:15:01	30.7261	3.5606	NaN	0.7080	0.7140	46.8021	28.5869	NaN	NaN
15-Feb-2025 19:30:01	30.6766	3.1189	NaN	0.7350	0.7410	46.8125	28.1943	NaN	NaN
15-Feb-2025 19:45:00	30.8364	3.5431	NaN	0.7590	0.7650	46.8229	28.6660	NaN	NaN
15-Feb-2025 20:00:01	30.8315	2.4883	NaN	0.7880	0.7950	46.8333	27.8228	NaN	NaN
15-Feb-2025 20:15:01	30.9463	2.2254	NaN	0.8070	0.8130	46.8438	27.7083	NaN	NaN
15-Feb-2025 20:30:00	30.8120	2.1910	NaN	0.8340	0.8410	46.8542	27.5720	NaN	NaN
15-Feb-2025 20:45:01	30.8159	2.1856	NaN	0.8590	0.8660	46.8646	27.5710	NaN	NaN
15-Feb-2025 21:00:01	30.8285	2.1674	NaN	0.8820	0.8890	46.8750	27.5668	NaN	NaN
15-Feb-2025 21:15:00	30.8598	2.1924	NaN	0.9020	0.9090	46.8854	27.6120	NaN	NaN
15-Feb-2025 21:30:01	30.8614	2.1285	NaN	0.9290	0.9360	46.8958	27.5628	NaN	NaN
15-Feb-2025 21:45:01	31.0229	2.2858	NaN	0.9510	0.9580	46.9063	27.8186	NaN	NaN
15-Feb-2025 22:00:00	31.0596	2.3983	NaN	0.9790	0.9860	46.9167	27.9379	NaN	NaN
15-Feb-2025 22:15:01	31.1688	2.5746	NaN	1.0060	1.0140	46.9271	28.1679	NaN	NaN
15-Feb-2025 22:30:01	31.2053	2.5814	NaN	1.0330	1.0410	46.9375	28.2032	NaN	NaN
15-Feb-2025 22:45:00	31.1900	2.5701	NaN	1.0570	1.0650	46.9479	28.1817	NaN	NaN
15-Feb-2025 23:00:01	31.1712	2.5274	NaN	1.0840	1.0920	46.9583	28.1321	NaN	NaN
15-Feb-2025 23:15:01	31.1970	2.4917	NaN	1.1020	1.1110	46.9688	28.1248	NaN	NaN
15-Feb-2025 23:30:00	31.1688	2.4993	NaN	1.1230	1.1320	46.9792	28.1077	NaN	NaN
15-Feb-2025 23:45:01	31.2495	2.5491	NaN	1.1410	1.1500	46.9896	28.2137	NaN	NaN
16-Feb-2025 00:00:01	31.2487	2.5515	NaN	1.1500	1.1590	47.0000	28.2149	NaN	NaN
16-Feb-2025 00:15:00	31.2910	2.6187	NaN	1.1520	1.1610	47.0104	28.3034	NaN	NaN
16-Feb-2025 00:30:01	31.3037	2.6773	NaN	1.1430	1.1520	47.0208	28.3609	NaN	NaN
16-Feb-2025 00:45:01	31.3281	2.6703	NaN	1.1300	1.1390	47.0313	28.3753	NaN	NaN
16-Feb-2025 01:00:00	31.3312	2.7328	NaN	1.1160	1.1250	47.0417	28.4282	NaN	NaN
16-Feb-2025 01:15:01	31.4204	2.7714	NaN	1.0930	1.1010	47.0521	28.5327	NaN	NaN
16-Feb-2025 01:30:01	31.4674	2.8132	NaN	1.0680	1.0760	47.0625	28.6051	NaN	NaN
16-Feb-2025 01:45:00	31.6086	3.0164	NaN	1.0430	1.0510	47.0729	28.8864	NaN	NaN
16-Feb-2025 02:00:01	31.6418	3.0160	NaN	1.0150	1.0230	47.0833	28.9136	NaN	NaN
16-Feb-2025 02:15:01	31.7623	3.1075	NaN	0.9880	0.9960	47.0938	29.0881	NaN	NaN
16-Feb-2025 02:30:00	31.6090	3.0061	NaN	0.9590	0.9660	47.1042	28.8784	NaN	NaN
16-Feb-2025 02:45:01	31.7480	3.2037	NaN	0.9320	0.9390	47.1146	29.1549	NaN	NaN
16-Feb-2025 03:00:01	31.7358	3.1733	NaN	0.9100	0.9170	47.1250	29.1198	NaN	NaN
16-Feb-2025 03:15:00	31.6845	3.0855	NaN	0.8860	0.8930	47.1354	29.0056	NaN	NaN
16-Feb-2025 03:30:01	31.7536	3.1726	NaN	0.8580	0.8640	47.1458	29.1340	NaN	NaN
16-Feb-2025 03:45:01	31.5071	2.9746	NaN	0.8320	0.8390	47.1563	28.7685	NaN	NaN
16-Feb-2025 04:00:00	31.4779	2.9925	NaN	0.8060	0.8120	47.1667	28.7587	NaN	NaN
16-Feb-2025 04:15:01	31.5877	3.0685	NaN	0.7810	0.7870	47.1771	28.9114	NaN	NaN
16-Feb-2025 04:30:01	31.5457	3.0856	NaN	0.7710	0.7770	47.1875	28.8904	NaN	NaN
16-Feb-2025 04:45:00	31.4095	3.0162	NaN	0.7480	0.7540	47.1979	28.7212	NaN	NaN
16-Feb-2025 05:00:01	31.2611	2.9511	NaN	0.7310	0.7370	47.2083	28.5457	NaN	NaN
16-Feb-2025 05:15:01	31.4906	3.0914	NaN	0.7110	0.7170	47.2188	28.8494	NaN	NaN
16-Feb-2025 05:30:00	31.1596	2.8399	NaN	0.6910	0.6960	47.2292	28.3725	NaN	NaN
16-Feb-2025 05:45:01	31.0516	2.8231	NaN	0.6810	0.6860	47.2396	28.2699	NaN	NaN
16-Feb-2025 06:00:01	31.0904	2.8334	NaN	0.6750	0.6800	47.2500	28.3102	NaN	NaN
16-Feb-2025 06:15:00	31.0794	2.8052	NaN	0.6780	0.6830	47.2604	28.2785	NaN	NaN
16-Feb-2025 06:30:01	30.8672	2.7490	NaN	0.6810	0.6870	47.2708	28.0587	NaN	NaN
16-Feb-2025 06:45:01	30.9269	2.8188	NaN	0.6930	0.6990	47.2813	28.1635	NaN	NaN
16-Feb-2025 07:00:00	30.8430	2.7036	NaN	0.7030	0.7090	47.2917	28.0027	NaN	NaN
16-Feb-2025 07:15:01	30.7857	2.6942	NaN	0.7210	0.7270	47.3021	27.9481	NaN	NaN
16-Feb-2025 07:30:01	30.7658	2.7017	NaN	0.7380	0.7440	47.3125	27.9376	NaN	NaN
16-Feb-2025 07:45:00	30.7542	2.7011	NaN	0.7600	0.7660	47.3229	27.9276	NaN	NaN
16-Feb-2025 08:00:01	30.7279	2.6706	NaN	0.7820	0.7890	47.3333	27.8819	NaN	NaN
16-Feb-2025 08:15:01	30.6590	2.6619	NaN	0.8100	0.8170	47.3438	27.8183	NaN	NaN
16-Feb-2025 08:30:00	30.6542	2.5913	NaN	0.8310	0.8380	47.3542	27.7586	NaN	NaN
16-Feb-2025 08:45:01	30.6438	2.5433	NaN	0.8540	0.8610	47.3646	27.7123	NaN	NaN
16-Feb-2025 09:00:01	30.6308	2.4803	NaN	0.8780	0.8850	47.3750	27.6521	NaN	NaN
16-Feb-2025 09:15:00	30.6256	2.4810	NaN	0.9080	0.9150	47.3854	27.6483	NaN	NaN
16-Feb-2025 09:30:01	30.6481	2.4932	NaN	0.9340	0.9420	47.3958	27.6764	NaN	NaN
16-Feb-2025 09:45:01	30.6455	2.5129	NaN	0.9600	0.9670	47.4063	27.6898	NaN	NaN
16-Feb-2025 10:00:00	30.6877	2.5387	NaN	0.9860	0.9930	47.4167	27.7448	NaN	NaN
16-Feb-2025 10:15:01	30.7019	2.5674	NaN	1.0180	1.0260	47.4271	27.7791	NaN	NaN
16-Feb-2025 10:30:01	31.0228	2.8454	NaN	1.0440	1.0520	47.4375	28.2640	NaN	NaN
16-Feb-2025 10:45:00	31.1991	2.9283	NaN	1.0670	1.0760	47.4479	28.4762	NaN	NaN
16-Feb-2025 11:00:01	31.3838	2.9682	NaN	1.0780	1.0870	47.4583	28.6613	NaN	NaN
16-Feb-2025 11:15:01	31.3953	2.9657	NaN	1.0960	1.1040	47.4688	28.6688	NaN	NaN
16-Feb-2025 11:30:00	31.5820	3.1161	NaN	1.1050	1.1140	47.4792	28.9455	NaN	NaN
16-Feb-2025 11:45:01	31.6157	3.1386	NaN	1.1200	1.1290	47.4896	28.9918	NaN	NaN
16-Feb-2025 12:00:01	31.6321	3.1583	NaN	1.1270	1.1360	47.5000	29.0215	NaN	NaN
16-Feb-2025 12:15:00	31.6290	3.1899	NaN	1.1240	1.1320	47.5104	29.0446	NaN	NaN
16-Feb-2025 12:30:01	31.6277	3.2221	NaN	1.1050	1.1140	47.5208	29.0698	NaN	NaN
16-Feb-2025 12:45:01	31.6317	3.2167	NaN	1.0950	1.1040	47.5313	29.0687	NaN	NaN
16-Feb-2025 13:00:00	31.6397	3.2111	NaN	1.0640	1.0720	47.5417	29.0709	NaN	NaN
16-Feb-2025 13:15:01	31.6860	3.3582	NaN	1.0500	1.0580	47.5521	29.2295	NaN	NaN
16-Feb-2025 13:30:01	31.6823	3.3532	NaN	1.0200	1.0280	47.5625	29.2224	NaN	NaN
16-Feb-2025 13:45:00	31.6805	3.3824	NaN	0.9930	1	47.5729	29.2446	NaN	NaN
16-Feb-2025 14:00:01	31.6832	3.3917	NaN	0.9650	0.9730	47.5833	29.2545	NaN	NaN
16-Feb-2025 14:15:01	31.6877	3.4029	NaN	0.9410	0.9480	47.5938	29.2674	NaN	NaN
16-Feb-2025 14:30:00	31.7077	3.4224	NaN	0.9040	0.9110	47.6042	29.3001	NaN	NaN
16-Feb-2025 14:45:01	31.7015	3.4160	NaN	0.8730	0.8790	47.6146	29.2898	NaN	NaN
16-Feb-2025 15:00:01	31.6892	3.3593	NaN	0.8590	0.8660	47.6250	29.2331	NaN	NaN
16-Feb-2025 15:15:00	31.6452	3.3637	NaN	0.8400	0.8470	47.6354	29.1999	NaN	NaN
16-Feb-2025 15:30:01	31.6426	3.3511	NaN	0.8210	0.8270	47.6458	29.1874	NaN	NaN
16-Feb-2025 15:45:01	31.6380	3.3682	NaN	0.8070	0.8130	47.6563	29.1974	NaN	NaN
16-Feb-2025 16:00:00	31.5597	3.3551	NaN	0.8080	0.8150	47.6667	29.1213	NaN	NaN
16-Feb-2025 16:15:01	30.7697	3.4039	NaN	0.7950	0.8020	47.6771	28.4988	NaN	NaN
16-Feb-2025 16:30:01	30.7788	3.4180	NaN	0.7790	0.7850	47.6875	28.5176	NaN	NaN
16-Feb-2025 16:45:00	30.7796	3.4109	NaN	0.7630	0.7690	47.6979	28.5127	NaN	NaN
16-Feb-2025 17:00:01	30.7864	3.4378	NaN	0.7390	0.7450	47.7083	28.5398	NaN	NaN
16-Feb-2025 17:15:01	30.8693	3.5514	NaN	0.7480	0.7540	47.7188	28.7004	NaN	NaN
16-Feb-2025 17:30:00	30.7536	3.6248	NaN	0.7260	0.7310	47.7292	28.6614	NaN	NaN
16-Feb-2025 17:45:01	30.7106	3.6634	NaN	0.7320	0.7380	47.7396	28.6559	NaN	NaN
16-Feb-2025 18:00:01	30.7391	3.6619	NaN	0.7150	0.7210	47.7500	28.6788	NaN	NaN
16-Feb-2025 18:15:00	30.6682	3.6927	NaN	0.7140	0.7200	47.7604	28.6433	NaN	NaN
16-Feb-2025 18:30:01	30.5895	3.7294	NaN	0.7120	0.7180	47.7708	28.6058	NaN	NaN
16-Feb-2025 18:45:01	30.5535	3.7506	NaN	0.7210	0.7270	47.7813	28.5922	NaN	NaN
16-Feb-2025 19:00:00	30.4482	3.7863	NaN	0.7410	0.7470	47.7917	28.5312	NaN	NaN
16-Feb-2025 19:15:01	30.3834	3.8265	NaN	0.7750	0.7810	47.8021	28.5079	NaN	NaN
16-Feb-2025 19:30:01	30.2410	3.8872	NaN	0.8010	0.8080	47.8125	28.4347	NaN	NaN
16-Feb-2025 19:45:00	30.1882	3.9294	NaN	0.8070	0.8130	47.8229	28.4229	NaN	NaN
16-Feb-2025 20:00:01	30.1901	3.9592	NaN	0.8280	0.8340	47.8333	28.4480	NaN	NaN
16-Feb-2025 20:15:01	30.1572	3.9894	NaN	0.8610	0.8680	47.8438	28.4437	NaN	NaN
16-Feb-2025 20:30:00	30.2700	3.9669	NaN	0.9030	0.9110	47.8542	28.5224	NaN	NaN
16-Feb-2025 20:45:01	30.3749	3.9160	NaN	0.9340	0.9410	47.8646	28.5717	NaN	NaN
16-Feb-2025 21:00:01	30.3306	3.8811	NaN	0.9520	0.9600	47.8750	28.5063	NaN	NaN
16-Feb-2025 21:15:00	30.0506	3.9772	NaN	0.9830	0.9900	47.8854	28.3429	NaN	NaN
16-Feb-2025 21:30:01	30.4518	3.7976	NaN	1.0110	1.0190	47.8958	28.5434	NaN	NaN
16-Feb-2025 21:45:01	30.4154	3.8239	NaN	1.0280	1.0360	47.9063	28.5332	NaN	NaN
16-Feb-2025 22:00:00	30.4447	3.8196	NaN	1.0480	1.0560	47.9167	28.5547	NaN	NaN
16-Feb-2025 22:15:01	30.3847	3.8041	NaN	1.0640	1.0720	47.9271	28.4914	NaN	NaN
16-Feb-2025 22:30:01	30.3698	3.7838	NaN	1.0730	1.0810	47.9375	28.4627	NaN	NaN
16-Feb-2025 22:45:00	30.3531	3.8037	NaN	1.0740	1.0820	47.9479	28.4642	NaN	NaN
16-Feb-2025 23:00:01	30.3550	3.8257	NaN	1.0860	1.0940	47.9583	28.4833	NaN	NaN
16-Feb-2025 23:15:01	30.3261	3.8180	NaN	1.1070	1.1150	47.9688	28.4526	NaN	NaN
16-Feb-2025 23:30:00	30.3499	3.8002	NaN	1.1200	1.1290	47.9792	28.4588	NaN	NaN
16-Feb-2025 23:45:01	30.4916	3.7764	NaN	1.1180	1.1270	47.9896	28.5604	NaN	NaN
17-Feb-2025 00:00:01	30.4934	3.7728	NaN	1.1020	1.1110	48.0000	28.5590	NaN	NaN
17-Feb-2025 00:15:00	30.5246	3.7604	NaN	1.1060	1.1150	48.0104	28.5757	NaN	NaN
17-Feb-2025 00:30:01	30.5990	3.7480	NaN	1.0860	1.0950	48.0208	28.6289	NaN	NaN
17-Feb-2025 00:45:01	30.5622	3.7607	NaN	1.0840	1.0920	48.0313	28.6078	NaN	NaN
17-Feb-2025 01:00:00	30.5197	3.7290	NaN	1.0580	1.0660	48.0417	28.5465	NaN	NaN
17-Feb-2025 01:15:01	30.6154	3.7699	NaN	1.0270	1.0350	48.0521	28.6602	NaN	NaN
17-Feb-2025 01:30:01	30.6452	3.7265	NaN	1.0120	1.0200	48.0625	28.6509	NaN	NaN
17-Feb-2025 01:45:00	30.6146	3.7024	NaN	0.9850	0.9920	48.0729	28.6058	NaN	NaN
17-Feb-2025 02:00:01	30.6568	3.7186	NaN	0.9650	0.9730	48.0833	28.6544	NaN	NaN
17-Feb-2025 02:15:01	30.5973	3.6856	NaN	0.9300	0.9370	48.0938	28.5777	NaN	NaN
17-Feb-2025 02:30:00	30.5438	3.6510	NaN	0.9090	0.9160	48.1042	28.5050	NaN	NaN
17-Feb-2025 02:45:01	30.6636	3.6720	NaN	0.8800	0.8870	48.1146	28.6230	NaN	NaN
17-Feb-2025 03:00:01	30.6689	3.6321	NaN	0.8540	0.8610	48.1250	28.5957	NaN	NaN
17-Feb-2025 03:15:00	30.6903	3.6049	NaN	0.8250	0.8310	48.1354	28.5921	NaN	NaN
17-Feb-2025 03:30:01	30.6896	3.6007	NaN	0.7980	0.8040	48.1458	28.5882	NaN	NaN
17-Feb-2025 03:45:01	30.6332	3.6395	NaN	0.7710	0.7770	48.1563	28.5714	NaN	NaN
17-Feb-2025 04:00:00	30.6140	3.6534	NaN	0.7530	0.7590	48.1667	28.5662	NaN	NaN
17-Feb-2025 04:15:01	30.5525	3.6137	NaN	0.7310	0.7370	48.1771	28.4826	NaN	NaN
17-Feb-2025 04:30:01	30.5424	3.5578	NaN	0.6970	0.7020	48.1875	28.4297	NaN	NaN
17-Feb-2025 04:45:00	30.5300	3.5822	NaN	0.6780	0.6830	48.1979	28.4386	NaN	NaN
17-Feb-2025 05:00:01	30.5637	3.5798	NaN	0.6450	0.6500	48.2083	28.4652	NaN	NaN
17-Feb-2025 05:15:01	30.3542	3.6564	NaN	0.6150	0.6200	48.2188	28.3486	NaN	NaN
17-Feb-2025 05:30:00	30.4941	3.6031	NaN	0.5920	0.5970	48.2292	28.4248	NaN	NaN
17-Feb-2025 05:45:01	30.5083	3.5959	NaN	0.5740	0.5790	48.2396	28.4310	NaN	NaN
17-Feb-2025 06:00:01	30.2968	3.5844	NaN	0.5480	0.5520	48.2500	28.2432	NaN	NaN
17-Feb-2025 06:15:00	30.3178	3.5936	NaN	0.5250	0.5290	48.2604	28.2682	NaN	NaN
17-Feb-2025 06:30:01	30.2644	3.6176	NaN	0.5060	0.5100	48.2708	28.2419	NaN	NaN
17-Feb-2025 06:45:01	30.1432	3.5704	NaN	0.4920	0.4960	48.2813	28.1023	NaN	NaN
17-Feb-2025 07:00:00	30.0607	3.5883	NaN	0.4750	0.4780	48.2917	28.0465	NaN	NaN
17-Feb-2025 07:15:01	29.9350	3.4373	NaN	0.4590	0.4630	48.3021	27.8223	NaN	NaN
17-Feb-2025 07:30:01	29.9827	3.4536	NaN	0.4620	0.4660	48.3125	27.8753	NaN	NaN
17-Feb-2025 07:45:00	29.9351	3.4744	NaN	0.4410	0.4440	48.3229	27.8513	NaN	NaN
17-Feb-2025 08:00:01	29.9666	3.5016	NaN	0.4500	0.4530	48.3333	27.8992	NaN	NaN
17-Feb-2025 08:15:01	30.0103	3.1604	NaN	0.4500	0.4540	48.3438	27.6702	NaN	NaN
17-Feb-2025 08:30:00	30.0733	3.1926	NaN	0.4390	0.4430	48.3542	27.7480	NaN	NaN
17-Feb-2025 08:45:01	29.8336	3.0681	NaN	0.4450	0.4490	48.3646	27.4508	NaN	NaN
17-Feb-2025 09:00:01	29.6166	3.0674	NaN	0.4670	0.4710	48.3750	27.2688	NaN	NaN
17-Feb-2025 09:15:00	29.9063	3.2725	NaN	0.4590	0.4620	48.3854	27.6701	NaN	NaN
17-Feb-2025 09:30:01	29.8399	3.3079	NaN	0.4560	0.4600	48.3958	27.6417	NaN	NaN
17-Feb-2025 09:45:01	29.7630	3.3226	NaN	0.4570	0.4600	48.4063	27.5884	NaN	NaN
17-Feb-2025 10:00:00	29.7241	3.1327	NaN	0.4720	0.4760	48.4167	27.4091	NaN	NaN
17-Feb-2025 10:15:01	29.8022	3.1002	NaN	0.4860	0.4900	48.4271	27.4494	NaN	NaN
17-Feb-2025 10:30:01	29.7930	3.0158	NaN	0.4970	0.5010	48.4375	27.3764	NaN	NaN
17-Feb-2025 10:45:00	29.5248	3.2484	NaN	0.5130	0.5170	48.4479	27.3309	NaN	NaN
17-Feb-2025 11:00:01	27.0034	3.6330	NaN	0.5240	0.5280	48.4583	25.4731	NaN	NaN
17-Feb-2025 11:15:01	29.0495	3.4568	NaN	0.5190	0.5230	48.4688	27.0888	NaN	NaN
17-Feb-2025 11:30:00	27.9539	2.9285	NaN	0.5110	0.5150	48.4792	25.7721	NaN	NaN
17-Feb-2025 11:45:01	28.3286	2.4334	NaN	0.5120	0.5160	48.4896	25.7219	NaN	NaN
17-Feb-2025 12:00:01	28.9819	3.6925	NaN	0.5060	0.5100	48.5000	27.2101	NaN	NaN
17-Feb-2025 12:15:00	27.2148	3.7338	NaN	0.5080	0.5120	48.5104	25.7269	NaN	NaN
17-Feb-2025 12:30:01	28.2841	3.0941	NaN	0.5080	0.5120	48.5208	26.1711	NaN	NaN
17-Feb-2025 12:45:01	28.3793	3.0770	NaN	0.4820	0.4850	48.5313	26.2386	NaN	NaN
17-Feb-2025 13:00:00	28.5787	3.4312	NaN	0.4670	0.4710	48.5417	26.6704	NaN	NaN
17-Feb-2025 13:15:01	29.0499	3.1882	NaN	0.4480	0.4510	48.5521	26.8857	NaN	NaN
17-Feb-2025 13:30:01	28.8382	3.0218	NaN	0.4390	0.4430	48.5625	26.5826	NaN	NaN
17-Feb-2025 13:45:00	28.8759	3.1835	NaN	0.4180	0.4210	48.5729	26.7357	NaN	NaN
17-Feb-2025 14:00:01	28.8857	3.3038	NaN	0.4010	0.4050	48.5833	26.8346	NaN	NaN
17-Feb-2025 14:15:01	28.8294	3.4367	NaN	0.3770	0.3800	48.5938	26.8871	NaN	NaN
17-Feb-2025 14:30:00	29.0177	3.3187	NaN	0.3660	0.3690	48.6042	26.9573	NaN	NaN
17-Feb-2025 14:45:01	29.0999	3.4077	NaN	0.3480	0.3510	48.6146	27.0942	NaN	NaN
17-Feb-2025 15:00:01	26.6192	4.2661	NaN	0.3330	0.3360	48.6250	25.5895	NaN	NaN
17-Feb-2025 15:15:00	27.8906	3.7976	NaN	0.3060	0.3090	48.6354	26.3543	NaN	NaN
17-Feb-2025 15:30:01	28.3272	3.7160	NaN	0.2860	0.2880	48.6458	26.6683	NaN	NaN
17-Feb-2025 15:45:01	25.3061	4.3862	NaN	0.2770	0.2800	48.6563	24.5182	NaN	NaN
17-Feb-2025 16:00:00	26.5450	4.1764	NaN	0.2580	0.2600	48.6667	25.4612	NaN	NaN
17-Feb-2025 16:15:01	27.8634	4.0922	NaN	0.2390	0.2410	48.6771	26.5473	NaN	NaN
17-Feb-2025 16:30:01	27.8560	3.7561	NaN	0.2240	0.2260	48.6875	26.2941	NaN	NaN
17-Feb-2025 16:45:00	28.0259	3.6752	NaN	0.2140	0.2160	48.6979	26.3803	NaN	NaN
17-Feb-2025 17:00:01	28.0623	3.6982	NaN	0.2020	0.2040	48.7083	26.4284	NaN	NaN
17-Feb-2025 17:15:01	25.4337	4.3551	NaN	0.1930	0.1950	48.7188	24.6097	NaN	NaN
17-Feb-2025 17:30:00	27.7866	4.1373	NaN	0.1800	0.1810	48.7292	26.5138	NaN	NaN
17-Feb-2025 17:45:01	25.8717	3.5916	NaN	0.1780	0.1800	48.7396	24.4701	NaN	NaN
17-Feb-2025 18:00:01	20.4122	2.9340	NaN	0.1700	0.1710	48.7500	19.3379	NaN	NaN
17-Feb-2025 18:15:00	25.3447	3.3378	NaN	0.1670	0.1680	48.7604	23.8445	NaN	NaN
17-Feb-2025 18:30:01	25.7274	3.1614	NaN	0.1640	0.1660	48.7708	24.0528	NaN	NaN
17-Feb-2025 18:45:01	26.5211	3.6199	NaN	0.1660	0.1670	48.7813	25.0492	NaN	NaN
17-Feb-2025 19:00:00	26.0227	3.3272	NaN	0.1700	0.1720	48.7917	24.4183	NaN	NaN
17-Feb-2025 19:15:01	27.0233	3.5200	NaN	0.1700	0.1710	48.8021	25.4095	NaN	NaN
17-Feb-2025 19:30:01	23.9172	2.7509	NaN	0.1790	0.1800	48.8125	22.2419	NaN	NaN
17-Feb-2025 19:45:00	26.0106	3.1025	NaN	0.1850	0.1870	48.8229	24.2538	NaN	NaN
17-Feb-2025 20:00:01	27.3731	3.4638	NaN	0.2100	0.2110	48.8333	25.6684	NaN	NaN
17-Feb-2025 20:15:01	27.4257	3.4368	NaN	0.2200	0.2220	48.8438	25.6938	NaN	NaN
17-Feb-2025 20:30:00	26.8406	2.8449	NaN	0.2510	0.2530	48.8542	24.7769	NaN	NaN
17-Feb-2025 20:45:01	26.8009	3.0725	NaN	0.2720	0.2740	48.8646	24.9035	NaN	NaN
17-Feb-2025 21:00:01	27.1023	3.3708	NaN	0.2780	0.2800	48.8750	25.3708	NaN	NaN
17-Feb-2025 21:15:00	27.3738	3.3339	NaN	0.3140	0.3170	48.8854	25.5755	NaN	NaN
17-Feb-2025 21:30:01	27.2017	2.6730	NaN	0.3240	0.3270	48.8958	24.9583	NaN	NaN
17-Feb-2025 21:45:01	27.3598	1.9454	NaN	0.3460	0.3480	48.9063	24.5730	NaN	NaN
17-Feb-2025 22:00:00	27.7036	2.2389	NaN	0.3730	0.3760	48.9167	25.0647	NaN	NaN
17-Feb-2025 22:15:01	27.6535	2.0422	NaN	0.3840	0.3870	48.9271	24.8826	NaN	NaN
17-Feb-2025 22:30:01	27.7301	2.1366	NaN	0.3980	0.4010	48.9375	25.0131	NaN	NaN
17-Feb-2025 22:45:00	27.5368	2.0576	NaN	0.4260	0.4300	48.9479	24.7978	NaN	NaN
17-Feb-2025 23:00:01	28.0520	1.5005	NaN	0.4380	0.4410	48.9583	24.8174	NaN	NaN
17-Feb-2025 23:15:01	28.3773	1.2950	NaN	0.4510	0.4540	48.9688	24.9299	NaN	NaN
17-Feb-2025 23:30:00	28.1728	1.3909	NaN	0.4560	0.4600	48.9792	24.8355	NaN	NaN
17-Feb-2025 23:45:01	28.1666	1.3781	NaN	0.4760	0.4790	48.9896	24.8213	NaN	NaN
18-Feb-2025 00:00:01	28.1960	1.2305	NaN	0.4730	0.4770	49.0000	24.7383	NaN	NaN
18-Feb-2025 00:15:00	28.3587	1.3007	NaN	0.4940	0.4980	49.0104	24.9192	NaN	NaN
18-Feb-2025 00:30:01	28.5918	1.3971	NaN	0.4940	0.4980	49.0208	25.1763	NaN	NaN
18-Feb-2025 00:45:01	28.9341	1.3611	NaN	0.4880	0.4920	49.0313	25.4239	NaN	NaN
18-Feb-2025 01:00:00	29.4271	1.5040	NaN	0.4870	0.4910	49.0417	25.9253	NaN	NaN
18-Feb-2025 01:15:01	30.0744	1.6640	NaN	0.4690	0.4720	49.0521	26.5662	NaN	NaN
18-Feb-2025 01:30:01	30.1520	1.7393	NaN	0.4550	0.4580	49.0625	26.6864	NaN	NaN
18-Feb-2025 01:45:00	30.2836	1.7243	NaN	0.4430	0.4460	49.0729	26.7806	NaN	NaN
18-Feb-2025 02:00:01	30.2647	1.6674	NaN	0.4330	0.4370	49.0833	26.7215	NaN	NaN
18-Feb-2025 02:15:01	29.8651	1.8032	NaN	0.4140	0.4170	49.0938	26.5042	NaN	NaN
18-Feb-2025 02:30:00	29.8555	1.6978	NaN	0.3920	0.3950	49.1042	26.4160	NaN	NaN
18-Feb-2025 02:45:01	29.3379	1.3945	NaN	0.3690	0.3720	49.1146	25.7717	NaN	NaN
18-Feb-2025 03:00:01	29.2980	1.5965	NaN	0.3430	0.3460	49.1250	25.8911	NaN	NaN
18-Feb-2025 03:15:00	29.2705	1.6511	NaN	0.3220	0.3250	49.1354	25.9099	NaN	NaN
18-Feb-2025 03:30:01	29.3144	1.6678	NaN	0.2990	0.3010	49.1458	25.9578	NaN	NaN
18-Feb-2025 03:45:01	29.1751	1.5258	NaN	0.2730	0.2750	49.1563	25.7394	NaN	NaN
18-Feb-2025 04:00:00	29.2412	1.4822	NaN	0.2550	0.2570	49.1667	25.7599	NaN	NaN
18-Feb-2025 04:15:01	28.5999	1.2234	NaN	0.2310	0.2330	49.1771	25.0556	NaN	NaN
18-Feb-2025 04:30:01	28.1998	1.1878	NaN	0.2140	0.2160	49.1875	24.7103	NaN	NaN
18-Feb-2025 04:45:00	26.9116	0.5400	NaN	0.1970	0.1990	49.1979	23.2317	NaN	NaN
18-Feb-2025 05:00:01	26.6894	0.2132	NaN	0.1780	0.1800	49.2083	22.8337	NaN	NaN
18-Feb-2025 05:15:01	26.4812	0.3920	NaN	0.1630	0.1640	49.2188	22.7918	NaN	NaN
18-Feb-2025 05:30:00	26.1462	0.4480	NaN	0.1460	0.1470	49.2292	22.5657	NaN	NaN
18-Feb-2025 05:45:01	22.5430	1.3623	NaN	0.1370	0.1390	49.2396	20.2402	NaN	NaN
18-Feb-2025 06:00:01	24.6113	1.7324	NaN	0.1200	0.1210	49.2500	22.1720	NaN	NaN
18-Feb-2025 06:15:00	24.7958	2.0054	NaN	0.1110	0.1120	49.2604	22.5010	NaN	NaN
18-Feb-2025 06:30:01	23.6156	1.6180	NaN	0.0960	0.0960	49.2708	21.2790	NaN	NaN
18-Feb-2025 06:45:01	23.0336	0.9765	NaN	0.0890	0.0900	49.2813	20.4107	NaN	NaN
18-Feb-2025 07:00:00	17.8081	1.8082	NaN	0.0780	0.0790	49.2917	16.5126	NaN	NaN
18-Feb-2025 07:15:01	14.6813	3.4016	NaN	0.0720	0.0720	49.3021	14.4712	NaN	NaN
18-Feb-2025 07:30:01	12.9073	4.0844	NaN	0.0660	0.0660	49.3125	13.0999	NaN	NaN
18-Feb-2025 07:45:00	12.6156	4.2077	NaN	0.0720	0.0720	49.3229	12.8707	NaN	NaN
18-Feb-2025 08:00:01	13.1634	3.5897	NaN	0.0800	0.0800	49.3333	13.1543	NaN	NaN
18-Feb-2025 08:15:01	14.8833	2.9691	NaN	0.1000	0.1010	49.3438	14.4746	NaN	NaN
18-Feb-2025 08:30:00	16.1007	2.8205	NaN	0.1230	0.1240	49.3542	15.4967	NaN	NaN
18-Feb-2025 08:45:01	21.6232	2.6270	NaN	0.1490	0.1500	49.3646	20.2092	NaN	NaN
18-Feb-2025 09:00:01	26.3096	0.9427	NaN	0.1760	0.1770	49.3750	23.0286	NaN	NaN
18-Feb-2025 09:15:00	27.5783	1.6500	NaN	0.2020	0.2030	49.3854	24.5413	NaN	NaN
18-Feb-2025 09:30:01	27.6782	1.8563	NaN	0.2270	0.2290	49.3958	24.7697	NaN	NaN
18-Feb-2025 09:45:01	27.6569	2.3259	NaN	0.2670	0.2690	49.4063	25.0887	NaN	NaN
18-Feb-2025 10:00:00	27.6138	2.2350	NaN	0.2830	0.2850	49.4167	24.9879	NaN	NaN
18-Feb-2025 10:15:01	27.5119	2.6520	NaN	0.3020	0.3040	49.4271	25.2023	NaN	NaN
18-Feb-2025 10:30:01	27.4686	2.6297	NaN	0.3170	0.3200	49.4375	25.1502	NaN	NaN
18-Feb-2025 10:45:00	27.3113	1.9751	NaN	0.3390	0.3410	49.4479	24.5542	NaN	NaN
18-Feb-2025 11:00:01	27.7753	0.5705	NaN	0.3460	0.3480	49.4583	23.9329	NaN	NaN
18-Feb-2025 11:15:01	27.4745	1.0315	NaN	0.3580	0.3610	49.4688	24.0201	NaN	NaN
18-Feb-2025 11:30:00	27.7048	0.9547	NaN	0.3650	0.3680	49.4792	24.1492	NaN	NaN
18-Feb-2025 11:45:01	27.5901	1.0592	NaN	0.3760	0.3790	49.4896	24.1319	NaN	NaN
18-Feb-2025 12:00:01	27.6493	0.3587	NaN	0.3700	0.3730	49.5000	23.6848	NaN	NaN
18-Feb-2025 12:15:00	27.7821	0.3509	NaN	0.3480	0.3510	49.5104	23.7831	NaN	NaN
18-Feb-2025 12:30:01	27.6732	0.7777	NaN	0.3680	0.3710	49.5208	23.9989	NaN	NaN
18-Feb-2025 12:45:01	27.6903	0.9709	NaN	0.5350	0.5390	49.5313	24.1493	NaN	NaN
18-Feb-2025 13:00:00	27.7097	0.5473	NaN	0.5310	0.5360	49.5417	23.8650	NaN	NaN
18-Feb-2025 13:15:01	27.7042	0.7029	NaN	0.5280	0.5320	49.5521	23.9706	NaN	NaN
18-Feb-2025 13:30:01	28.2087	0.5471	NaN	0.5300	0.5340	49.5625	24.2566	NaN	NaN
18-Feb-2025 13:45:00	28.1146	0.7895	NaN	0.5390	0.5430	49.5729	24.3563	NaN	NaN
18-Feb-2025 14:00:01	28.6776	0.9757	NaN	0.5430	0.5480	49.5833	24.9364	NaN	NaN
18-Feb-2025 14:15:01	28.3537	1.0642	NaN	0.5460	0.5500	49.5938	24.7437	NaN	NaN
18-Feb-2025 14:30:00	28.5032	1.0324	NaN	0.5440	0.5480	49.6042	24.8395	NaN	NaN
18-Feb-2025 14:45:01	28.1868	0.7077	NaN	0.5080	0.5120	49.6146	24.3546	NaN	NaN
18-Feb-2025 15:00:01	28.2938	0.7463	NaN	0.5120	0.5160	49.6250	24.4667	NaN	NaN
18-Feb-2025 15:15:00	28.7350	0.9975	NaN	0.4970	0.5010	49.6354	24.9978	NaN	NaN
18-Feb-2025 15:30:01	28.4779	1.6095	NaN	0.4670	0.4700	49.6458	25.2401	NaN	NaN
18-Feb-2025 15:45:01	28.1339	1.3508	NaN	0.4690	0.4730	49.6563	24.7753	NaN	NaN
18-Feb-2025 16:00:00	27.9948	1.6302	NaN	0.4620	0.4660	49.6667	24.8646	NaN	NaN
18-Feb-2025 16:15:01	27.8386	1.7048	NaN	0.4630	0.4670	49.6771	24.7917	NaN	NaN
18-Feb-2025 16:30:01	27.4944	1.8931	NaN	0.4240	0.4270	49.6875	24.6460	NaN	NaN
18-Feb-2025 16:45:00	26.6459	2.1662	NaN	0.4160	0.4200	49.6979	24.1406	NaN	NaN
18-Feb-2025 17:00:01	28.0189	1.5671	NaN	0.4120	0.4150	49.7083	24.8386	NaN	NaN
18-Feb-2025 17:15:01	27.5817	1.8830	NaN	0.4150	0.4180	49.7188	24.7100	NaN	NaN
18-Feb-2025 17:30:00	27.9044	1.8785	NaN	0.4220	0.4250	49.7292	24.9701	NaN	NaN
18-Feb-2025 17:45:01	27.8924	1.7053	NaN	0.4140	0.4170	49.7396	24.8357	NaN	NaN
18-Feb-2025 18:00:01	27.4058	2.2987	NaN	0.4180	0.4210	49.7500	24.8618	NaN	NaN
18-Feb-2025 18:15:00	27.4527	2.4968	NaN	0.4360	0.4390	49.7604	25.0419	NaN	NaN
18-Feb-2025 18:30:01	27.3568	2.3864	NaN	0.3990	0.4020	49.7708	24.8836	NaN	NaN
18-Feb-2025 18:45:01	27.5347	2.2825	NaN	0.3960	0.4000	49.7813	24.9567	NaN	NaN
18-Feb-2025 19:00:00	27.4635	2.1665	NaN	0.3930	0.3970	49.7917	24.8152	NaN	NaN
18-Feb-2025 19:15:01	27.3533	2.3325	NaN	0.3960	0.3990	49.8021	24.8424	NaN	NaN
18-Feb-2025 19:30:01	27.1907	2.3180	NaN	0.3960	0.3990	49.8125	24.6975	NaN	NaN
18-Feb-2025 19:45:00	27.1577	2.3043	NaN	0.3960	0.3990	49.8229	24.6606	NaN	NaN
18-Feb-2025 20:00:01	26.9666	2.4340	NaN	0.4010	0.4040	49.8333	24.5935	NaN	NaN
18-Feb-2025 20:15:01	26.6695	1.0466	NaN	0.3660	0.3690	49.8438	23.3874	NaN	NaN
18-Feb-2025 20:30:00	26.9351	1.4020	NaN	0.3720	0.3750	49.8542	23.8464	NaN	NaN
18-Feb-2025 20:45:01	26.9006	1.5047	NaN	0.3700	0.3730	49.8646	23.8898	NaN	NaN
18-Feb-2025 21:00:01	27.1818	2.2278	NaN	0.3870	0.3900	49.8750	24.6264	NaN	NaN
18-Feb-2025 21:15:00	27.5091	1.0382	NaN	0.3870	0.3900	49.8854	24.0525	NaN	NaN
18-Feb-2025 21:30:01	27.3756	1.5073	NaN	0.4600	0.4640	49.8958	24.2762	NaN	NaN
18-Feb-2025 21:45:01	27.5831	1.6572	NaN	0.4840	0.4880	49.9063	24.5504	NaN	NaN
18-Feb-2025 22:00:00	27.4558	1.3933	NaN	0.5120	0.5160	49.9167	24.2604	NaN	NaN
18-Feb-2025 22:15:01	27.5482	0.8240	NaN	0.5420	0.5460	49.9271	23.9327	NaN	NaN
18-Feb-2025 22:30:01	27.6969	0.4431	NaN	0.5760	0.5800	49.9375	23.7815	NaN	NaN
18-Feb-2025 22:45:00	27.9331	0.1693	NaN	0.6050	0.6100	49.9479	23.7724	NaN	NaN
18-Feb-2025 23:00:01	28.0859	-0.0742	NaN	0.6290	0.6340	49.9583	23.7180	NaN	NaN
18-Feb-2025 23:15:01	28.1379	-0.2291	NaN	0.6600	0.6660	49.9688	23.6482	NaN	NaN
18-Feb-2025 23:30:00	28.1623	-0.2404	NaN	0.6840	0.6900	49.9792	23.6588	NaN	NaN
18-Feb-2025 23:45:01	28.1999	-0.3661	NaN	0.7080	0.7130	49.9896	23.5984	NaN	NaN
19-Feb-2025 00:00:01	29.2816	0.4796	NaN	0.7200	0.7260	50.0000	25.0461	NaN	NaN
19-Feb-2025 00:15:00	30.1716	0.8976	NaN	0.7410	0.7470	50.0104	26.0567	NaN	NaN
19-Feb-2025 00:30:01	30.5902	1.1073	NaN	0.7490	0.7550	50.0208	26.5475	NaN	NaN
19-Feb-2025 00:45:01	30.7320	1.1768	NaN	0.7580	0.7640	50.0313	26.7134	NaN	NaN
19-Feb-2025 01:00:00	30.8247	1.1856	NaN	0.7600	0.7660	50.0417	26.7935	NaN	NaN
19-Feb-2025 01:15:01	30.8759	1.2349	NaN	0.7620	0.7680	50.0521	26.8725	NaN	NaN
19-Feb-2025 01:30:01	30.8835	1.2784	NaN	0.7640	0.7700	50.0625	26.9125	NaN	NaN
19-Feb-2025 01:45:00	30.9088	1.3021	NaN	0.7650	0.7710	50.0729	26.9511	NaN	NaN
19-Feb-2025 02:00:01	30.9244	1.3009	NaN	0.7650	0.7710	50.0833	26.9625	NaN	NaN
19-Feb-2025 02:15:01	30.9148	1.3251	NaN	0.7660	0.7720	50.0938	26.9739	NaN	NaN
19-Feb-2025 02:30:00	30.9637	1.3090	NaN	0.7660	0.7720	50.1042	27.0000	NaN	NaN
19-Feb-2025 02:45:01	30.9705	1.3214	NaN	0.7650	0.7710	50.1146	27.0151	NaN	NaN
19-Feb-2025 03:00:01	30.9911	1.3037	NaN	0.7650	0.7710	50.1250	27.0176	NaN	NaN
19-Feb-2025 03:15:00	30.9772	1.3185	NaN	0.7650	0.7710	50.1354	27.0182	NaN	NaN
19-Feb-2025 03:30:01	30.9174	1.3733	NaN	0.7670	0.7730	50.1458	27.0137	NaN	NaN
19-Feb-2025 03:45:01	30.8029	1.3451	NaN	0.7670	0.7730	50.1563	26.9007	NaN	NaN
19-Feb-2025 04:00:00	30.6719	1.4207	NaN	0.7690	0.7750	50.1667	26.8557	NaN	NaN
19-Feb-2025 04:15:01	30.4906	1.4432	NaN	0.7710	0.7770	50.1771	26.7288	NaN	NaN
19-Feb-2025 04:30:01	30.4030	1.2754	NaN	0.7690	0.7750	50.1875	26.5294	NaN	NaN
19-Feb-2025 04:45:00	30.3849	1.3806	NaN	0.7670	0.7730	50.1979	26.5962	NaN	NaN
19-Feb-2025 05:00:01	30.3231	1.1792	NaN	0.7550	0.7610	50.2083	26.3920	NaN	NaN
19-Feb-2025 05:15:01	30.2517	0.9311	NaN	0.7000	0.7050	50.2188	26.1452	NaN	NaN
19-Feb-2025 05:30:00	30.2452	0.8374	NaN	0.6910	0.6960	50.2292	26.0684	NaN	NaN
19-Feb-2025 05:45:01	30.2388	0.9739	NaN	0.6870	0.6920	50.2396	26.1679	NaN	NaN
19-Feb-2025 06:00:01	30.1059	1.3934	NaN	0.6960	0.7020	50.2500	26.3839	NaN	NaN
19-Feb-2025 06:15:00	29.9872	1.0883	NaN	0.6480	0.6530	50.2604	26.0567	NaN	NaN
19-Feb-2025 06:30:01	29.9039	1.2830	NaN	0.6470	0.6520	50.2708	26.1388	NaN	NaN
19-Feb-2025 06:45:01	29.8150	1.6809	NaN	0.6590	0.6650	50.2813	26.3707	NaN	NaN
19-Feb-2025 07:00:00	29.7420	1.6904	NaN	0.6690	0.6740	50.2917	26.3192	NaN	NaN
19-Feb-2025 07:15:01	29.6917	1.7241	NaN	0.6710	0.6760	50.3021	26.3044	NaN	NaN
19-Feb-2025 07:30:01	29.7052	1.6608	NaN	0.6700	0.6760	50.3125	26.2671	NaN	NaN
19-Feb-2025 07:45:00	29.7880	1.1717	NaN	0.6630	0.6680	50.3229	25.9623	NaN	NaN
19-Feb-2025 08:00:01	29.7186	1.0217	NaN	0.6470	0.6520	50.3333	25.7940	NaN	NaN
19-Feb-2025 08:15:01	29.8220	1.6043	NaN	0.6500	0.6550	50.3438	26.3180	NaN	NaN
19-Feb-2025 08:30:00	29.7490	1.6600	NaN	0.6630	0.6680	50.3542	26.3017	NaN	NaN
19-Feb-2025 08:45:01	29.7784	1.6697	NaN	0.6650	0.6700	50.3646	26.3327	NaN	NaN
19-Feb-2025 09:00:01	29.7709	0.9899	NaN	0.6600	0.6650	50.3750	25.8113	NaN	NaN
19-Feb-2025 09:15:00	29.8040	1.1808	NaN	0.6500	0.6550	50.3854	25.9820	NaN	NaN
19-Feb-2025 09:30:01	29.6725	1.3118	NaN	0.6410	0.6460	50.3958	25.9765	NaN	NaN
19-Feb-2025 09:45:01	29.6861	0.8662	NaN	0.6410	0.6460	50.4063	25.6513	NaN	NaN
19-Feb-2025 10:00:00	29.5460	0.5697	NaN	0.6240	0.6290	50.4167	25.3192	NaN	NaN
19-Feb-2025 10:15:01	29.5889	0.4281	NaN	0.6150	0.6200	50.4271	25.2469	NaN	NaN
19-Feb-2025 10:30:01	29.5443	0.7373	NaN	0.6880	0.6930	50.4375	25.4432	NaN	NaN
19-Feb-2025 10:45:00	29.5575	0.2570	NaN	0.7120	0.7170	50.4479	25.0950	NaN	NaN
19-Feb-2025 11:00:01	29.5420	0.9617	NaN	0.7350	0.7400	50.4583	25.6095	NaN	NaN
19-Feb-2025 11:15:01	29.5488	-0.0594	NaN	0.7520	0.7580	50.4688	24.8531	NaN	NaN
19-Feb-2025 11:30:00	29.4831	-0.1691	NaN	0.7700	0.7760	50.4792	24.7216	NaN	NaN
19-Feb-2025 11:45:01	29.4742	-0.1064	NaN	0.7910	0.7970	50.4896	24.7611	NaN	NaN
19-Feb-2025 12:00:01	29.4890	0.1899	NaN	0.8080	0.8140	50.5000	24.9921	NaN	NaN
19-Feb-2025 12:15:00	29.6774	1.5811	NaN	0.8210	0.8270	50.5104	26.1844	NaN	NaN
19-Feb-2025 12:30:01	30.5881	1.2895	NaN	0.8350	0.8410	50.5208	26.6871	NaN	NaN
19-Feb-2025 12:45:01	30.9584	1.6389	NaN	0.8490	0.8560	50.5313	27.2551	NaN	NaN
19-Feb-2025 13:00:00	31.0721	1.8319	NaN	0.8660	0.8720	50.5417	27.4985	NaN	NaN
19-Feb-2025 13:15:01	31.1306	1.8286	NaN	0.8760	0.8830	50.5521	27.5429	NaN	NaN
19-Feb-2025 13:30:01	31.1726	1.8924	NaN	0.8800	0.8870	50.5625	27.6273	NaN	NaN
19-Feb-2025 13:45:00	31.1959	2.1653	NaN	0.8930	0.9000	50.5729	27.8632	NaN	NaN
19-Feb-2025 14:00:01	31.2113	2.2680	NaN	0.8930	0.9000	50.5833	27.9576	NaN	NaN
19-Feb-2025 14:15:01	31.2676	2.3838	NaN	0.9040	0.9110	50.5938	28.0959	NaN	NaN
19-Feb-2025 14:30:00	31.2330	2.4023	NaN	0.9010	0.9080	50.6042	28.0825	NaN	NaN
19-Feb-2025 14:45:01	31.2534	2.5076	NaN	0.9150	0.9230	50.6146	28.1835	NaN	NaN
19-Feb-2025 15:00:01	31.2649	2.5514	NaN	0.9060	0.9130	50.6250	28.2280	NaN	NaN
19-Feb-2025 15:15:00	31.2477	2.5735	NaN	0.8950	0.9020	50.6354	28.2316	NaN	NaN
19-Feb-2025 15:30:01	31.2574	2.6810	NaN	0.8830	0.8900	50.6458	28.3258	NaN	NaN
19-Feb-2025 15:45:01	31.2774	2.7255	NaN	0.8760	0.8830	50.6563	28.3779	NaN	NaN
19-Feb-2025 16:00:00	31.2736	2.8006	NaN	0.8660	0.8730	50.6667	28.4352	NaN	NaN
19-Feb-2025 16:15:01	31.2718	2.7962	NaN	0.8500	0.8570	50.6771	28.4301	NaN	NaN
19-Feb-2025 16:30:01	31.2451	2.8504	NaN	0.8420	0.8480	50.6875	28.4516	NaN	NaN
19-Feb-2025 16:45:00	31.2227	2.8651	NaN	0.8300	0.8370	50.6979	28.4449	NaN	NaN
19-Feb-2025 17:00:01	31.1523	2.7792	NaN	0.8220	0.8290	50.7083	28.3179	NaN	NaN
19-Feb-2025 17:15:01	31.1295	2.4330	NaN	0.8130	0.8190	50.7188	28.0225	NaN	NaN
19-Feb-2025 17:30:00	31.1220	2.4178	NaN	0.8010	0.8070	50.7292	28.0043	NaN	NaN
19-Feb-2025 17:45:01	31.0819	2.5113	NaN	0.7920	0.7980	50.7396	28.0461	NaN	NaN
19-Feb-2025 18:00:01	31.1454	2.6781	NaN	0.7810	0.7870	50.7500	28.2313	NaN	NaN
19-Feb-2025 18:15:00	31.1382	2.6595	NaN	0.7800	0.7860	50.7604	28.2105	NaN	NaN
19-Feb-2025 18:30:01	31.1231	2.7267	NaN	0.7870	0.7930	50.7708	28.2518	NaN	NaN
19-Feb-2025 18:45:01	31.1010	2.6779	NaN	0.7850	0.7910	50.7813	28.1947	NaN	NaN
19-Feb-2025 19:00:00	31.0814	2.8116	NaN	0.7840	0.7910	50.7917	28.2853	NaN	NaN
19-Feb-2025 19:15:01	31.0192	2.5789	NaN	0.7870	0.7930	50.8021	28.0485	NaN	NaN
19-Feb-2025 19:30:01	31.0091	2.7801	NaN	0.7890	0.7950	50.8125	28.2005	NaN	NaN
19-Feb-2025 19:45:00	30.9764	2.7323	NaN	0.8020	0.8080	50.8229	28.1355	NaN	NaN
19-Feb-2025 20:00:01	30.9808	2.7202	NaN	0.7990	0.8060	50.8333	28.1294	NaN	NaN
19-Feb-2025 20:15:01	30.9314	2.7660	NaN	0.8080	0.8140	50.8438	28.1253	NaN	NaN
19-Feb-2025 20:30:00	30.9194	2.7554	NaN	0.8240	0.8310	50.8542	28.1069	NaN	NaN
19-Feb-2025 20:45:01	30.9404	2.7661	NaN	0.8390	0.8450	50.8646	28.1328	NaN	NaN
19-Feb-2025 21:00:01	30.9471	2.7303	NaN	0.8500	0.8560	50.8750	28.1098	NaN	NaN
19-Feb-2025 21:15:00	30.9188	2.7478	NaN	0.8640	0.8700	50.8854	28.1003	NaN	NaN
19-Feb-2025 21:30:01	30.8897	2.6894	NaN	0.8820	0.8880	50.8958	28.0300	NaN	NaN
19-Feb-2025 21:45:01	30.8449	2.7365	NaN	0.8930	0.9000	50.9063	28.0305	NaN	NaN
19-Feb-2025 22:00:00	30.8055	2.7899	NaN	0.9110	0.9190	50.9167	28.0404	NaN	NaN
19-Feb-2025 22:15:01	30.7941	2.5294	NaN	0.9350	0.9420	50.9271	27.8247	NaN	NaN
19-Feb-2025 22:30:01	30.7404	1.8281	NaN	0.9510	0.9590	50.9375	27.2289	NaN	NaN
19-Feb-2025 22:45:00	30.7284	1.8638	NaN	0.9680	0.9760	50.9479	27.2473	NaN	NaN
19-Feb-2025 23:00:01	30.7135	1.9132	NaN	0.9940	1.0010	50.9583	27.2740	NaN	NaN
19-Feb-2025 23:15:01	30.6945	2.0051	NaN	1.0140	1.0220	50.9688	27.3307	NaN	NaN
19-Feb-2025 23:30:00	30.7788	2.2426	NaN	1.0330	1.0410	50.9792	27.5858	NaN	NaN
19-Feb-2025 23:45:01	30.8156	2.0676	NaN	1.0550	1.0630	50.9896	27.4778	NaN	NaN
20-Feb-2025 00:00:01	31.0768	2.0428	NaN	1.0750	1.0840	51.0000	27.6694	NaN	NaN
20-Feb-2025 00:15:00	31.2936	2.0070	NaN	1.1010	1.1100	51.0104	27.8161	NaN	NaN
20-Feb-2025 00:30:01	31.3644	1.9677	NaN	1.1200	1.1290	51.0208	27.8418	NaN	NaN
20-Feb-2025 00:45:01	31.3765	1.9605	NaN	1.1230	1.1320	51.0313	27.8457	NaN	NaN
20-Feb-2025 01:00:00	31.3896	1.9481	NaN	1.1240	1.1320	51.0417	27.8464	NaN	NaN
20-Feb-2025 01:15:01	31.4047	1.9389	NaN	1.1250	1.1340	51.0521	27.8511	NaN	NaN
20-Feb-2025 01:30:01	31.4286	1.9440	NaN	1.1270	1.1360	51.0625	27.8745	NaN	NaN
20-Feb-2025 01:45:00	31.4300	1.9189	NaN	1.1280	1.1370	51.0729	27.8556	NaN	NaN
20-Feb-2025 02:00:01	31.4191	1.9049	NaN	1.1280	1.1370	51.0833	27.8355	NaN	NaN
20-Feb-2025 02:15:01	31.4198	1.9140	NaN	1.1280	1.1370	51.0938	27.8433	NaN	NaN
20-Feb-2025 02:30:00	31.4099	1.9160	NaN	1.1300	1.1390	51.1042	27.8370	NaN	NaN
20-Feb-2025 02:45:01	31.4139	1.9224	NaN	1.1310	1.1400	51.1146	27.8454	NaN	NaN
20-Feb-2025 03:00:01	31.4369	1.9635	NaN	1.1330	1.1420	51.1250	27.8968	NaN	NaN
20-Feb-2025 03:15:00	31.4525	1.9571	NaN	1.1330	1.1420	51.1354	27.9042	NaN	NaN
20-Feb-2025 03:30:01	31.4750	1.9375	NaN	1.1320	1.1410	51.1458	27.9066	NaN	NaN
20-Feb-2025 03:45:01	31.5108	1.9684	NaN	1.1340	1.1420	51.1563	27.9602	NaN	NaN
20-Feb-2025 04:00:00	31.4744	1.9555	NaN	1.1340	1.1420	51.1667	27.9205	NaN	NaN
20-Feb-2025 04:15:01	31.4811	1.9424	NaN	1.1330	1.1420	51.1771	27.9154	NaN	NaN
20-Feb-2025 04:30:01	31.4875	1.9386	NaN	1.1330	1.1420	51.1875	27.9176	NaN	NaN
20-Feb-2025 04:45:00	31.4782	1.9379	NaN	1.1320	1.1410	51.1979	27.9095	NaN	NaN
20-Feb-2025 05:00:01	31.4824	1.9320	NaN	1.1260	1.1350	51.2083	27.9082	NaN	NaN
20-Feb-2025 05:15:01	31.4900	1.9513	NaN	1.1260	1.1350	51.2188	27.9298	NaN	NaN
20-Feb-2025 05:30:00	31.5370	2.1343	NaN	1.1280	1.1370	51.2292	28.1146	NaN	NaN
20-Feb-2025 05:45:01	31.5581	2.0891	NaN	1.1260	1.1350	51.2396	28.0953	NaN	NaN
20-Feb-2025 06:00:01	31.5497	2.1217	NaN	1.1260	1.1350	51.2500	28.1148	NaN	NaN
20-Feb-2025 06:15:00	31.5465	2.1154	NaN	1.1260	1.1350	51.2604	28.1071	NaN	NaN
20-Feb-2025 06:30:01	31.5381	2.1251	NaN	1.1260	1.1340	51.2708	28.1082	NaN	NaN
20-Feb-2025 06:45:01	31.5388	2.1139	NaN	1.1250	1.1340	51.2813	28.0997	NaN	NaN
20-Feb-2025 07:00:00	31.5301	2.1195	NaN	1.1250	1.1340	51.2917	28.0971	NaN	NaN
20-Feb-2025 07:15:01	31.4954	1.9944	NaN	1.1240	1.1330	51.3021	27.9686	NaN	NaN
20-Feb-2025 07:30:01	31.4809	1.9623	NaN	1.1140	1.1220	51.3125	27.9312	NaN	NaN
20-Feb-2025 07:45:00	31.4685	1.9487	NaN	1.0980	1.1060	51.3229	27.9104	NaN	NaN
20-Feb-2025 08:00:01	31.4386	1.9619	NaN	1.0880	1.0960	51.3333	27.8968	NaN	NaN
20-Feb-2025 08:15:01	31.4217	2.0336	NaN	1.0760	1.0840	51.3438	27.9406	NaN	NaN
20-Feb-2025 08:30:00	31.4065	2.0465	NaN	1.0250	1.0330	51.3542	27.9387	NaN	NaN
20-Feb-2025 08:45:01	31.3925	2.1138	NaN	1.0290	1.0370	51.3646	27.9813	NaN	NaN
20-Feb-2025 09:00:01	31.3648	2.1144	NaN	1.0330	1.0410	51.3750	27.9593	NaN	NaN
20-Feb-2025 09:15:00	31.3320	2.2364	NaN	1.0330	1.0410	51.3854	28.0304	NaN	NaN
20-Feb-2025 09:30:01	31.3411	2.2362	NaN	1.0360	1.0440	51.3958	28.0376	NaN	NaN
20-Feb-2025 09:45:01	31.3326	2.1897	NaN	1.0330	1.0410	51.4063	27.9935	NaN	NaN
20-Feb-2025 10:00:00	31.3394	2.2829	NaN	1.0370	1.0450	51.4167	28.0737	NaN	NaN
20-Feb-2025 10:15:01	31.3077	2.3577	NaN	1.0400	1.0480	51.4271	28.1078	NaN	NaN
20-Feb-2025 10:30:01	31.3018	2.3917	NaN	1.0460	1.0540	51.4375	28.1302	NaN	NaN
20-Feb-2025 10:45:00	31.2939	2.5142	NaN	1.0500	1.0580	51.4479	28.2219	NaN	NaN
20-Feb-2025 11:00:01	31.2503	2.5698	NaN	1.0530	1.0610	51.4583	28.2308	NaN	NaN
20-Feb-2025 11:15:01	31.2570	2.2980	NaN	1.0530	1.0610	51.4688	28.0188	NaN	NaN
20-Feb-2025 11:30:00	31.1571	2.2588	NaN	1.0470	1.0550	51.4792	27.9063	NaN	NaN
20-Feb-2025 11:45:01	31.1827	2.6249	NaN	1.0440	1.0530	51.4896	28.2195	NaN	NaN
20-Feb-2025 12:00:01	31.1915	2.7124	NaN	1.0550	1.0630	51.5000	28.2968	NaN	NaN
20-Feb-2025 12:15:00	31.1829	2.8096	NaN	1.0590	1.0680	51.5104	28.3676	NaN	NaN
20-Feb-2025 12:30:01	31.1748	2.7743	NaN	1.0640	1.0720	51.5208	28.3327	NaN	NaN
20-Feb-2025 12:45:01	31.1448	2.8522	NaN	1.0630	1.0710	51.5313	28.3703	NaN	NaN
20-Feb-2025 13:00:00	31.1198	2.8421	NaN	1.0690	1.0780	51.5417	28.3416	NaN	NaN
20-Feb-2025 13:15:01	31.1900	2.9183	NaN	1.0690	1.0780	51.5521	28.4607	NaN	NaN
20-Feb-2025 13:30:01	31.1359	3.2675	NaN	1.0810	1.0890	51.5625	28.6964	NaN	NaN
20-Feb-2025 13:45:00	30.8764	3.0203	NaN	1.0620	1.0700	51.5729	28.2823	NaN	NaN
20-Feb-2025 14:00:01	31.0745	2.2966	NaN	1.0430	1.0520	51.5833	27.8692	NaN	NaN
20-Feb-2025 14:15:01	31.0557	1.9202	NaN	1.0270	1.0350	51.5938	27.5553	NaN	NaN
20-Feb-2025 14:30:00	31.1269	2.0720	NaN	1.0880	1.0970	51.6042	27.7332	NaN	NaN
20-Feb-2025 14:45:01	31.1436	2.2818	NaN	1.0980	1.1070	51.6146	27.9137	NaN	NaN
20-Feb-2025 15:00:01	31.1944	2.6535	NaN	1.0960	1.1040	51.6250	28.2520	NaN	NaN
20-Feb-2025 15:15:00	31.2383	2.6311	NaN	1.0900	1.0990	51.6354	28.2701	NaN	NaN
20-Feb-2025 15:30:01	31.1815	2.6140	NaN	1.0810	1.0890	51.6458	28.2099	NaN	NaN
20-Feb-2025 15:45:01	31.2728	2.5152	NaN	1.0680	1.0770	51.6563	28.2055	NaN	NaN
20-Feb-2025 16:00:00	31.2017	2.9221	NaN	1.0540	1.0620	51.6667	28.4734	NaN	NaN
20-Feb-2025 16:15:01	31.3297	3.0293	NaN	1.0430	1.0510	51.6771	28.6658	NaN	NaN
20-Feb-2025 16:30:01	31.3589	2.9168	NaN	1.0220	1.0300	51.6875	28.5992	NaN	NaN
20-Feb-2025 16:45:00	31.3800	3.1300	NaN	1.0090	1.0170	51.6979	28.7889	NaN	NaN
20-Feb-2025 17:00:01	31.4264	3.2507	NaN	0.9960	1.0040	51.7083	28.9253	NaN	NaN
20-Feb-2025 17:15:01	31.4267	3.2193	NaN	0.9780	0.9860	51.7188	28.9000	NaN	NaN
20-Feb-2025 17:30:00	31.4465	3.2335	NaN	0.9690	0.9760	51.7292	28.9281	NaN	NaN
20-Feb-2025 17:45:01	31.4521	3.1639	NaN	0.9570	0.9650	51.7396	28.8763	NaN	NaN
20-Feb-2025 18:00:01	31.4617	3.1984	NaN	0.9460	0.9530	51.7500	28.9123	NaN	NaN
20-Feb-2025 18:15:00	31.4377	3.2060	NaN	0.9320	0.9400	51.7604	28.8984	NaN	NaN
20-Feb-2025 18:30:01	31.4059	3.0327	NaN	0.9240	0.9310	51.7708	28.7317	NaN	NaN
20-Feb-2025 18:45:01	31.3807	3.2852	NaN	0.9110	0.9180	51.7813	28.9150	NaN	NaN
20-Feb-2025 19:00:00	31.4365	3.3257	NaN	0.9000	0.9080	51.7917	28.9945	NaN	NaN
20-Feb-2025 19:15:01	31.4331	3.3656	NaN	0.8950	0.9020	51.8021	29.0240	NaN	NaN
20-Feb-2025 19:30:01	31.4227	3.4077	NaN	0.8770	0.8830	51.8125	29.0495	NaN	NaN
20-Feb-2025 19:45:00	31.3573	2.9486	NaN	0.8740	0.8810	51.8229	28.6235	NaN	NaN
20-Feb-2025 20:00:01	31.3608	3.3653	NaN	0.8660	0.8730	51.8333	28.9633	NaN	NaN
20-Feb-2025 20:15:01	31.3621	3.1099	NaN	0.8610	0.8670	51.8438	28.7576	NaN	NaN
20-Feb-2025 20:30:00	31.2839	2.9697	NaN	0.8580	0.8640	51.8542	28.5796	NaN	NaN
20-Feb-2025 20:45:01	31.3004	2.7835	NaN	0.8560	0.8620	51.8646	28.4435	NaN	NaN
20-Feb-2025 21:00:01	31.1803	2.7308	NaN	0.8620	0.8690	51.8750	28.3023	NaN	NaN
20-Feb-2025 21:15:00	31.2249	3.0594	NaN	0.8500	0.8570	51.8854	28.6030	NaN	NaN
20-Feb-2025 21:30:01	31.2177	3.0951	NaN	0.8560	0.8630	51.8958	28.6257	NaN	NaN
20-Feb-2025 21:45:01	31.2085	2.9630	NaN	0.8650	0.8720	51.9063	28.5118	NaN	NaN
20-Feb-2025 22:00:00	31.2146	2.9545	NaN	0.8770	0.8840	51.9167	28.5101	NaN	NaN
20-Feb-2025 22:15:01	31.2192	2.9589	NaN	0.8860	0.8930	51.9271	28.5174	NaN	NaN
20-Feb-2025 22:30:01	31.1984	3.0304	NaN	0.8930	0.9000	51.9375	28.5576	NaN	NaN
20-Feb-2025 22:45:00	31.1875	3.0148	NaN	0.9040	0.9110	51.9479	28.5361	NaN	NaN
20-Feb-2025 23:00:01	31.1542	3.0188	NaN	0.9260	0.9330	51.9583	28.5116	NaN	NaN
20-Feb-2025 23:15:01	31.1074	2.9409	NaN	0.9460	0.9530	51.9688	28.4104	NaN	NaN
20-Feb-2025 23:30:00	31.0982	2.9726	NaN	0.9570	0.9640	51.9792	28.4282	NaN	NaN
20-Feb-2025 23:45:01	31.0526	2.8309	NaN	0.9790	0.9860	51.9896	28.2771	NaN	NaN