15-Feb-2025 00:00:01	31.7336	2.8280	NaN	1.0370	1.0450	46.0000	28.8364	NaN	NaN
15-Feb-2025 00:15:00	31.7931	2.8958	NaN	1.0220	1.0310	46.0104	28.9406	NaN	NaN
15-Feb-2025 00:30:01	31.6172	2.7414	NaN	1.0010	1.0090	46.0208	28.6702	NaN	NaN
15-Feb-2025 00:45:01	31.7846	2.4476	NaN	0.9810	0.9880	46.0313	28.5687	NaN	NaN
15-Feb-2025 01:00:00	31.5934	2.5900	NaN	0.9570	0.9640	46.0417	28.5280	NaN	NaN
15-Feb-2025 01:15:01	31.3428	2.5614	NaN	0.9360	0.9430	46.0521	28.2997	NaN	NaN
15-Feb-2025 01:30:01	31.2059	2.4914	NaN	0.9080	0.9150	46.0625	28.1316	NaN	NaN
15-Feb-2025 01:45:00	31.3194	2.3601	NaN	0.8770	0.8840	46.0729	28.1192	NaN	NaN
15-Feb-2025 02:00:01	31.2475	2.5188	NaN	0.8510	0.8580	46.0833	28.1876	NaN	NaN
15-Feb-2025 02:15:01	31.2839	2.4483	NaN	0.8160	0.8220	46.0938	28.1609	NaN	NaN
15-Feb-2025 02:30:00	31.3167	2.4565	NaN	0.7890	0.7950	46.1042	28.1941	NaN	NaN
15-Feb-2025 02:45:01	31.3772	2.4139	NaN	0.7630	0.7690	46.1146	28.2094	NaN	NaN
15-Feb-2025 03:00:01	31.2290	2.3532	NaN	0.7390	0.7450	46.1250	28.0400	NaN	NaN
15-Feb-2025 03:15:00	31.3263	2.3232	NaN	0.7180	0.7240	46.1354	28.0951	NaN	NaN
15-Feb-2025 03:30:01	31.1893	2.2190	NaN	0.6920	0.6980	46.1458	27.9005	NaN	NaN
15-Feb-2025 03:45:01	31.0904	2.2470	NaN	0.6720	0.6770	46.1563	27.8425	NaN	NaN
15-Feb-2025 04:00:00	31.1361	2.2129	NaN	0.6560	0.6610	46.1667	27.8524	NaN	NaN
15-Feb-2025 04:15:01	31.0724	2.1427	NaN	0.6340	0.6390	46.1771	27.7450	NaN	NaN
15-Feb-2025 04:30:01	31.1236	2.1553	NaN	0.6250	0.6300	46.1875	27.7965	NaN	NaN
15-Feb-2025 04:45:00	31.1001	1.9837	NaN	0.6090	0.6140	46.1979	27.6412	NaN	NaN
15-Feb-2025 05:00:01	31.1062	1.8380	NaN	0.6040	0.6080	46.2083	27.5306	NaN	NaN
15-Feb-2025 05:15:01	30.9567	1.9039	NaN	0.5950	0.6000	46.2188	27.4625	NaN	NaN
15-Feb-2025 05:30:00	31.0268	1.7794	NaN	0.5820	0.5870	46.2292	27.4206	NaN	NaN
15-Feb-2025 05:45:01	31.1710	1.5388	NaN	0.5890	0.5940	46.2396	27.3457	NaN	NaN
15-Feb-2025 06:00:01	30.7425	1.2451	NaN	0.6090	0.6140	46.2500	26.7748	NaN	NaN
15-Feb-2025 06:15:00	30.7015	1.1223	NaN	0.6340	0.6390	46.2604	26.6469	NaN	NaN
15-Feb-2025 06:30:01	30.7668	1.4147	NaN	0.6610	0.6660	46.2708	26.9264	NaN	NaN
15-Feb-2025 06:45:01	30.8678	1.1221	NaN	0.6890	0.6940	46.2813	26.7779	NaN	NaN
15-Feb-2025 07:00:00	30.7767	1.2293	NaN	0.7170	0.7230	46.2917	26.7896	NaN	NaN
15-Feb-2025 07:15:01	30.7418	1.1512	NaN	0.7520	0.7580	46.3021	26.7012	NaN	NaN
15-Feb-2025 07:30:01	30.7418	1.1412	NaN	0.7840	0.7900	46.3125	26.6934	NaN	NaN
15-Feb-2025 07:45:00	30.7409	1.1216	NaN	0.8140	0.8210	46.3229	26.6775	NaN	NaN
15-Feb-2025 08:00:01	30.8742	1.2572	NaN	0.8300	0.8370	46.3333	26.8887	NaN	NaN
15-Feb-2025 08:15:01	30.9960	1.4099	NaN	0.8590	0.8660	46.3438	27.1049	NaN	NaN
15-Feb-2025 08:30:00	31.2720	1.6284	NaN	0.8870	0.8940	46.3542	27.4973	NaN	NaN
15-Feb-2025 08:45:01	30.8910	2.1109	NaN	0.9120	0.9190	46.3646	27.5730	NaN	NaN
15-Feb-2025 09:00:01	31.2899	1.9414	NaN	0.9220	0.9290	46.3750	27.7608	NaN	NaN
15-Feb-2025 09:15:00	31.4128	2.2423	NaN	0.9430	0.9500	46.3854	28.1007	NaN	NaN
15-Feb-2025 09:30:01	31.3766	2.3950	NaN	0.9620	0.9690	46.3958	28.1937	NaN	NaN
15-Feb-2025 09:45:01	31.3921	2.5126	NaN	0.9770	0.9850	46.4063	28.3009	NaN	NaN
15-Feb-2025 10:00:00	31.4477	2.4998	NaN	0.9970	1.0040	46.4167	28.3361	NaN	NaN
15-Feb-2025 10:15:01	31.3995	2.7994	NaN	1.0090	1.0170	46.4271	28.5379	NaN	NaN
15-Feb-2025 10:30:01	31.6082	2.7658	NaN	1.0320	1.0400	46.4375	28.6827	NaN	NaN
15-Feb-2025 10:45:00	31.6273	2.8599	NaN	1.0410	1.0490	46.4479	28.7747	NaN	NaN
15-Feb-2025 11:00:01	31.7165	2.9397	NaN	1.0560	1.0640	46.4583	28.9133	NaN	NaN
15-Feb-2025 11:15:01	31.6030	3.1768	NaN	1.0690	1.0780	46.4688	29.0124	NaN	NaN
15-Feb-2025 11:30:00	31.6806	3.1486	NaN	1.0670	1.0750	46.4792	29.0539	NaN	NaN
15-Feb-2025 11:45:01	31.6979	3.1918	NaN	1.0690	1.0780	46.4896	29.1035	NaN	NaN
15-Feb-2025 12:00:01	31.7951	3.2079	NaN	1.0570	1.0650	46.5000	29.1975	NaN	NaN
15-Feb-2025 12:15:00	31.7932	3.3688	NaN	1.0410	1.0500	46.5104	29.3278	NaN	NaN
15-Feb-2025 12:30:01	31.7456	3.3450	NaN	1.0250	1.0330	46.5208	29.2685	NaN	NaN
15-Feb-2025 12:45:01	31.8445	3.4846	NaN	1.0060	1.0140	46.5313	29.4658	NaN	NaN
15-Feb-2025 13:00:00	31.9109	3.5518	NaN	0.9820	0.9890	46.5417	29.5768	NaN	NaN
15-Feb-2025 13:15:01	31.7784	3.4391	NaN	0.9550	0.9630	46.5521	29.3731	NaN	NaN
15-Feb-2025 13:30:01	31.7126	3.3879	NaN	0.9270	0.9350	46.5625	29.2760	NaN	NaN
15-Feb-2025 13:45:00	31.5945	3.2164	NaN	0.9030	0.9100	46.5729	29.0375	NaN	NaN
15-Feb-2025 14:00:01	31.4781	3.1213	NaN	0.8730	0.8800	46.5833	28.8633	NaN	NaN
15-Feb-2025 14:15:01	31.4300	3.0331	NaN	0.8450	0.8520	46.5938	28.7519	NaN	NaN
15-Feb-2025 14:30:00	31.4239	3.0328	NaN	0.8210	0.8270	46.6042	28.7466	NaN	NaN
15-Feb-2025 14:45:01	31.5042	2.9146	NaN	0.7950	0.8020	46.6146	28.7174	NaN	NaN
15-Feb-2025 15:00:01	31.4335	3.0874	NaN	0.7670	0.7730	46.6250	28.7987	NaN	NaN
15-Feb-2025 15:15:00	31.5212	2.9725	NaN	0.7390	0.7450	46.6354	28.7784	NaN	NaN
15-Feb-2025 15:30:01	31.5216	2.9739	NaN	0.7160	0.7220	46.6458	28.7798	NaN	NaN
15-Feb-2025 15:45:01	31.5028	3.0188	NaN	0.6890	0.6940	46.6563	28.8006	NaN	NaN
15-Feb-2025 16:00:00	31.3762	2.9107	NaN	0.6680	0.6740	46.6667	28.6084	NaN	NaN
15-Feb-2025 16:15:01	31.3019	2.8671	NaN	0.6430	0.6480	46.6771	28.5119	NaN	NaN
15-Feb-2025 16:30:01	31.2637	2.7949	NaN	0.6220	0.6270	46.6875	28.4223	NaN	NaN
15-Feb-2025 16:45:00	31.3544	2.6783	NaN	0.6060	0.6110	46.6979	28.4031	NaN	NaN
15-Feb-2025 17:00:01	31.2325	2.7442	NaN	0.6010	0.6050	46.7083	28.3559	NaN	NaN
15-Feb-2025 17:15:01	31.2310	2.7871	NaN	0.5980	0.6030	46.7188	28.3891	NaN	NaN
15-Feb-2025 17:30:00	31.2053	2.6964	NaN	0.5860	0.5900	46.7292	28.2952	NaN	NaN
15-Feb-2025 17:45:01	31.1713	2.6996	NaN	0.5890	0.5940	46.7396	28.2697	NaN	NaN
15-Feb-2025 18:00:01	31.4689	2.3616	NaN	0.6070	0.6120	46.7500	28.2420	NaN	NaN
15-Feb-2025 18:15:00	30.9727	1.6368	NaN	0.6240	0.6290	46.7604	27.2648	NaN	NaN
15-Feb-2025 18:30:01	31.0131	2.0574	NaN	0.6450	0.6500	46.7708	27.6293	NaN	NaN
15-Feb-2025 18:45:01	30.9837	2.0951	NaN	0.6710	0.6760	46.7813	27.6354	NaN	NaN
15-Feb-2025 19:00:00	30.9311	1.9667	NaN	0.6870	0.6920	46.7917	27.4915	NaN	NaN
15-Feb-2025 19:15:01	30.9566	2.0240	NaN	0.7140	0.7200	46.8021	27.5573	NaN	NaN
15-Feb-2025 19:30:01	30.9400	2.0312	NaN	0.7420	0.7470	46.8125	27.5496	NaN	NaN
15-Feb-2025 19:45:00	30.9033	2.0161	NaN	0.7720	0.7780	46.8229	27.5080	NaN	NaN
15-Feb-2025 20:00:01	30.9264	1.9533	NaN	0.7900	0.7970	46.8333	27.4771	NaN	NaN
15-Feb-2025 20:15:01	30.7465	2.1512	NaN	0.8190	0.8250	46.8438	27.4875	NaN	NaN
15-Feb-2025 20:30:00	30.9877	1.9812	NaN	0.8420	0.8490	46.8542	27.5487	NaN	NaN
15-Feb-2025 20:45:01	30.9409	2.0230	NaN	0.8700	0.8770	46.8646	27.5439	NaN	NaN
15-Feb-2025 21:00:01	31.0066	2.2008	NaN	0.8940	0.9010	46.8750	27.7378	NaN	NaN
15-Feb-2025 21:15:00	30.9396	2.3140	NaN	0.9120	0.9190	46.8854	27.7731	NaN	NaN
15-Feb-2025 21:30:01	30.9873	2.4000	NaN	0.9390	0.9460	46.8958	27.8802	NaN	NaN
15-Feb-2025 21:45:01	31.1553	2.3666	NaN	0.9620	0.9700	46.9063	27.9907	NaN	NaN
15-Feb-2025 22:00:00	31.1650	2.5094	NaN	0.9860	0.9940	46.9167	28.1126	NaN	NaN
15-Feb-2025 22:15:01	31.3778	2.5802	NaN	1.0140	1.0220	46.9271	28.3436	NaN	NaN
15-Feb-2025 22:30:01	31.3927	2.6346	NaN	1.0390	1.0470	46.9375	28.3996	NaN	NaN
15-Feb-2025 22:45:00	31.4671	2.6744	NaN	1.0670	1.0750	46.9479	28.4927	NaN	NaN
15-Feb-2025 23:00:01	31.4435	2.7285	NaN	1.0940	1.1030	46.9583	28.5170	NaN	NaN
15-Feb-2025 23:15:01	31.5215	2.8155	NaN	1.1100	1.1190	46.9688	28.6515	NaN	NaN
15-Feb-2025 23:30:00	31.6372	2.8489	NaN	1.1330	1.1420	46.9792	28.7740	NaN	NaN
15-Feb-2025 23:45:01	31.6956	2.8936	NaN	1.1520	1.1610	46.9896	28.8585	NaN	NaN
16-Feb-2025 00:00:01	31.6457	2.9310	NaN	1.1660	1.1750	47.0000	28.8477	NaN	NaN
16-Feb-2025 00:15:00	31.8097	2.8917	NaN	1.1650	1.1740	47.0104	28.9511	NaN	NaN
16-Feb-2025 00:30:01	31.7100	2.8428	NaN	1.1570	1.1660	47.0208	28.8291	NaN	NaN
16-Feb-2025 00:45:01	31.6548	2.8757	NaN	1.1390	1.1480	47.0313	28.8103	NaN	NaN
16-Feb-2025 01:00:00	31.7679	2.9374	NaN	1.1270	1.1350	47.0417	28.9539	NaN	NaN
16-Feb-2025 01:15:01	31.7871	3.0458	NaN	1.1070	1.1160	47.0521	29.0582	NaN	NaN
16-Feb-2025 01:30:01	31.8991	3.0296	NaN	1.0780	1.0870	47.0625	29.1377	NaN	NaN
16-Feb-2025 01:45:00	31.7878	3.0764	NaN	1.0550	1.0630	47.0729	29.0838	NaN	NaN
16-Feb-2025 02:00:01	31.8073	3.1081	NaN	1.0290	1.0370	47.0833	29.1260	NaN	NaN
16-Feb-2025 02:15:01	31.7319	3.0723	NaN	1.0010	1.0090	47.0938	29.0341	NaN	NaN
16-Feb-2025 02:30:00	31.7057	3.0764	NaN	0.9740	0.9820	47.1042	29.0158	NaN	NaN
16-Feb-2025 02:45:01	31.5615	3.0154	NaN	0.9440	0.9520	47.1146	28.8466	NaN	NaN
16-Feb-2025 03:00:01	31.4475	2.9724	NaN	0.9190	0.9270	47.1250	28.7174	NaN	NaN
16-Feb-2025 03:15:00	31.2476	2.7438	NaN	0.8970	0.9040	47.1354	28.3680	NaN	NaN
16-Feb-2025 03:30:01	31.3847	2.6998	NaN	0.8680	0.8750	47.1458	28.4455	NaN	NaN
16-Feb-2025 03:45:01	31.2807	2.6355	NaN	0.8440	0.8500	47.1563	28.3083	NaN	NaN
16-Feb-2025 04:00:00	31.1807	2.5661	NaN	0.8190	0.8260	47.1667	28.1707	NaN	NaN
16-Feb-2025 04:15:01	30.9790	2.5496	NaN	0.7970	0.8030	47.1771	27.9922	NaN	NaN
16-Feb-2025 04:30:01	31.1426	2.5236	NaN	0.7820	0.7880	47.1875	28.1055	NaN	NaN
16-Feb-2025 04:45:00	31.0657	2.4954	NaN	0.7620	0.7680	47.1979	28.0201	NaN	NaN
16-Feb-2025 05:00:01	30.9939	2.5159	NaN	0.7400	0.7450	47.2083	27.9776	NaN	NaN
16-Feb-2025 05:15:01	30.9766	2.4974	NaN	0.7250	0.7310	47.2188	27.9487	NaN	NaN
16-Feb-2025 05:30:00	30.9281	2.4805	NaN	0.7080	0.7140	47.2292	27.8956	NaN	NaN
16-Feb-2025 05:45:01	30.8493	2.4614	NaN	0.6930	0.6990	47.2396	27.8159	NaN	NaN
16-Feb-2025 06:00:01	30.7962	2.4724	NaN	0.6780	0.6840	47.2500	27.7812	NaN	NaN
16-Feb-2025 06:15:00	30.7039	2.4562	NaN	0.6800	0.6850	47.2604	27.6929	NaN	NaN
16-Feb-2025 06:30:01	30.8326	2.1178	NaN	0.6900	0.6950	47.2708	27.5310	NaN	NaN
16-Feb-2025 06:45:01	30.7427	2.4957	NaN	0.7020	0.7080	47.2813	27.7558	NaN	NaN
16-Feb-2025 07:00:00	30.7553	2.3951	NaN	0.7100	0.7160	47.2917	27.6867	NaN	NaN
16-Feb-2025 07:15:01	30.7520	2.2923	NaN	0.7330	0.7390	47.3021	27.6030	NaN	NaN
16-Feb-2025 07:30:01	30.7296	2.3242	NaN	0.7450	0.7500	47.3125	27.6099	NaN	NaN
16-Feb-2025 07:45:00	30.7095	2.3410	NaN	0.7690	0.7750	47.3229	27.6067	NaN	NaN
16-Feb-2025 08:00:01	30.7219	2.3166	NaN	0.7870	0.7940	47.3333	27.5977	NaN	NaN
16-Feb-2025 08:15:01	30.6352	2.3740	NaN	0.8150	0.8220	47.3438	27.5721	NaN	NaN
16-Feb-2025 08:30:00	30.7530	2.3655	NaN	0.8370	0.8440	47.3542	27.6615	NaN	NaN
16-Feb-2025 08:45:01	30.6792	2.3808	NaN	0.8630	0.8700	47.3646	27.6134	NaN	NaN
16-Feb-2025 09:00:01	30.6843	2.5613	NaN	0.8870	0.8940	47.3750	27.7597	NaN	NaN
16-Feb-2025 09:15:00	30.8569	2.6443	NaN	0.9150	0.9230	47.3854	27.9672	NaN	NaN
16-Feb-2025 09:30:01	31.1852	2.6789	NaN	0.9430	0.9510	47.3958	28.2648	NaN	NaN
16-Feb-2025 09:45:01	31.3240	2.8158	NaN	0.9710	0.9790	47.4063	28.4889	NaN	NaN
16-Feb-2025 10:00:00	31.4529	2.8823	NaN	0.9960	1.0040	47.4167	28.6490	NaN	NaN
16-Feb-2025 10:15:01	31.2063	3.0234	NaN	1.0260	1.0340	47.4271	28.5586	NaN	NaN
16-Feb-2025 10:30:01	31.4272	3.1281	NaN	1.0520	1.0610	47.4375	28.8266	NaN	NaN
16-Feb-2025 10:45:00	31.2284	3.1245	NaN	1.0780	1.0860	47.4479	28.6584	NaN	NaN
16-Feb-2025 11:00:01	31.6004	3.0987	NaN	1.0870	1.0950	47.4583	28.9467	NaN	NaN
16-Feb-2025 11:15:01	31.7686	3.2432	NaN	1.1050	1.1140	47.4688	29.2044	NaN	NaN
16-Feb-2025 11:30:00	31.5847	3.3258	NaN	1.1160	1.1250	47.4792	29.1185	NaN	NaN
16-Feb-2025 11:45:01	31.8515	3.3304	NaN	1.1300	1.1390	47.4896	29.3450	NaN	NaN
16-Feb-2025 12:00:01	31.8040	3.3460	NaN	1.1410	1.1500	47.5000	29.3182	NaN	NaN
16-Feb-2025 12:15:00	31.7344	3.3573	NaN	1.1370	1.1460	47.5104	29.2693	NaN	NaN
16-Feb-2025 12:30:01	31.7839	3.3151	NaN	1.1210	1.1300	47.5208	29.2760	NaN	NaN
16-Feb-2025 12:45:01	31.7982	3.3536	NaN	1.1050	1.1130	47.5313	29.3195	NaN	NaN
16-Feb-2025 13:00:00	31.8185	3.3278	NaN	1.0800	1.0890	47.5417	29.3153	NaN	NaN
16-Feb-2025 13:15:01	31.7154	3.2828	NaN	1.0620	1.0700	47.5521	29.1924	NaN	NaN
16-Feb-2025 13:30:01	31.7170	3.2893	NaN	1.0390	1.0470	47.5625	29.1991	NaN	NaN
16-Feb-2025 13:45:00	31.7301	3.2934	NaN	1.0110	1.0190	47.5729	29.2134	NaN	NaN
16-Feb-2025 14:00:01	31.6865	3.3102	NaN	0.9840	0.9920	47.5833	29.1907	NaN	NaN
16-Feb-2025 14:15:01	31.6200	3.2950	NaN	0.9570	0.9650	47.5938	29.1228	NaN	NaN
16-Feb-2025 14:30:00	31.5325	3.2479	NaN	0.9200	0.9270	47.6042	29.0115	NaN	NaN
16-Feb-2025 14:45:01	31.3793	3.1939	NaN	0.8870	0.8940	47.6146	28.8399	NaN	NaN
16-Feb-2025 15:00:01	31.2420	3.1832	NaN	0.8720	0.8790	47.6250	28.7169	NaN	NaN
16-Feb-2025 15:15:00	31.2354	3.1621	NaN	0.8580	0.8650	47.6354	28.6945	NaN	NaN
16-Feb-2025 15:30:01	31.1424	3.1369	NaN	0.8340	0.8410	47.6458	28.5967	NaN	NaN
16-Feb-2025 15:45:01	31.0903	3.1478	NaN	0.8210	0.8270	47.6563	28.5621	NaN	NaN
16-Feb-2025 16:00:00	31.2813	3.1997	NaN	0.8140	0.8210	47.6667	28.7630	NaN	NaN
16-Feb-2025 16:15:01	30.7187	3.1482	NaN	0.8020	0.8080	47.6771	28.2526	NaN	NaN
16-Feb-2025 16:30:01	30.7269	3.1403	NaN	0.7850	0.7910	47.6875	28.2532	NaN	NaN
16-Feb-2025 16:45:00	30.7445	3.1354	NaN	0.7660	0.7720	47.6979	28.2639	NaN	NaN
16-Feb-2025 17:00:01	30.7108	3.1862	NaN	0.7520	0.7580	47.7083	28.2762	NaN	NaN
16-Feb-2025 17:15:01	30.7158	3.1741	NaN	0.7490	0.7550	47.7188	28.2708	NaN	NaN
16-Feb-2025 17:30:00	30.7162	3.1251	NaN	0.7330	0.7390	47.7292	28.2322	NaN	NaN
16-Feb-2025 17:45:01	30.7482	3.2144	NaN	0.7340	0.7390	47.7396	28.3298	NaN	NaN
16-Feb-2025 18:00:01	30.7951	3.2747	NaN	0.7250	0.7310	47.7500	28.4171	NaN	NaN
16-Feb-2025 18:15:00	30.8079	3.3371	NaN	0.7190	0.7250	47.7604	28.4775	NaN	NaN
16-Feb-2025 18:30:01	30.8104	3.3643	NaN	0.7230	0.7280	47.7708	28.5013	NaN	NaN
16-Feb-2025 18:45:01	30.6980	3.4929	NaN	0.7280	0.7340	47.7813	28.5093	NaN	NaN
16-Feb-2025 19:00:00	30.5845	3.4924	NaN	0.7420	0.7480	47.7917	28.4133	NaN	NaN
16-Feb-2025 19:15:01	30.5089	3.5589	NaN	0.7690	0.7750	47.8021	28.4023	NaN	NaN
16-Feb-2025 19:30:01	30.4686	3.5945	NaN	0.8000	0.8060	47.8125	28.3964	NaN	NaN
16-Feb-2025 19:45:00	30.4664	3.6373	NaN	0.8110	0.8180	47.8229	28.4285	NaN	NaN
16-Feb-2025 20:00:01	30.5263	3.6848	NaN	0.8400	0.8470	47.8333	28.5170	NaN	NaN
16-Feb-2025 20:15:01	30.4294	3.7413	NaN	0.8780	0.8850	47.8438	28.4797	NaN	NaN
16-Feb-2025 20:30:00	30.3236	3.7513	NaN	0.9160	0.9230	47.8542	28.3977	NaN	NaN
16-Feb-2025 20:45:01	30.2227	3.7790	NaN	0.9420	0.9490	47.8646	28.3339	NaN	NaN
16-Feb-2025 21:00:01	30.4823	3.8665	NaN	0.9620	0.9690	47.8750	28.6239	NaN	NaN
16-Feb-2025 21:15:00	30.7268	3.8384	NaN	0.9930	1	47.8854	28.8095	NaN	NaN
16-Feb-2025 21:30:01	30.6248	3.8460	NaN	1.0250	1.0330	47.8958	28.7289	NaN	NaN
16-Feb-2025 21:45:01	30.6070	3.8059	NaN	1.0390	1.0470	47.9063	28.6818	NaN	NaN
16-Feb-2025 22:00:00	30.7127	3.8245	NaN	1.0630	1.0710	47.9167	28.7865	NaN	NaN
16-Feb-2025 22:15:01	30.7702	3.8168	NaN	1.0780	1.0860	47.9271	28.8291	NaN	NaN
16-Feb-2025 22:30:01	30.9007	3.7952	NaN	1.0810	1.0890	47.9375	28.9226	NaN	NaN
16-Feb-2025 22:45:00	30.9824	3.7772	NaN	1.0900	1.0980	47.9479	28.9774	NaN	NaN
16-Feb-2025 23:00:01	31.0363	3.7796	NaN	1.1030	1.1110	47.9583	29.0250	NaN	NaN
16-Feb-2025 23:15:01	31.0938	3.7298	NaN	1.1090	1.1180	47.9688	29.0335	NaN	NaN
16-Feb-2025 23:30:00	30.8520	3.6922	NaN	1.1340	1.1430	47.9792	28.7987	NaN	NaN
16-Feb-2025 23:45:01	30.9761	3.6876	NaN	1.1390	1.1480	47.9896	28.9000	NaN	NaN
17-Feb-2025 00:00:01	31.1533	3.6766	NaN	1.1160	1.1250	48.0000	29.0409	NaN	NaN
17-Feb-2025 00:15:00	31.2197	3.6432	NaN	1.1170	1.1250	48.0104	29.0699	NaN	NaN
17-Feb-2025 00:30:01	31.3129	3.6174	NaN	1.0910	1.0990	48.0208	29.1275	NaN	NaN
17-Feb-2025 00:45:01	31.2204	3.4680	NaN	1.0900	1.0990	48.0313	28.9288	NaN	NaN
17-Feb-2025 01:00:00	31.4623	3.4484	NaN	1.0770	1.0850	48.0417	29.1159	NaN	NaN
17-Feb-2025 01:15:01	31.2822	3.4639	NaN	1.0400	1.0480	48.0521	28.9773	NaN	NaN
17-Feb-2025 01:30:01	31.1241	3.4675	NaN	1.0170	1.0250	48.0625	28.8475	NaN	NaN
17-Feb-2025 01:45:00	31.0157	3.4819	NaN	0.9940	1.0010	48.0729	28.7679	NaN	NaN
17-Feb-2025 02:00:01	31.1432	3.3926	NaN	0.9750	0.9830	48.0833	28.8032	NaN	NaN
17-Feb-2025 02:15:01	31.1535	3.3081	NaN	0.9500	0.9570	48.0938	28.7437	NaN	NaN
17-Feb-2025 02:30:00	31.1268	3.2959	NaN	0.9160	0.9230	48.1042	28.7115	NaN	NaN
17-Feb-2025 02:45:01	31.0844	3.2737	NaN	0.8910	0.8980	48.1146	28.6582	NaN	NaN
17-Feb-2025 03:00:01	30.9390	3.0432	NaN	0.8660	0.8730	48.1250	28.3525	NaN	NaN
17-Feb-2025 03:15:00	30.8838	3.0915	NaN	0.8310	0.8380	48.1354	28.3451	NaN	NaN
17-Feb-2025 03:30:01	30.8670	3.0462	NaN	0.8000	0.8070	48.1458	28.2950	NaN	NaN
17-Feb-2025 03:45:01	30.7731	2.9561	NaN	0.7770	0.7830	48.1563	28.1453	NaN	NaN
17-Feb-2025 04:00:00	30.6405	3.0288	NaN	0.7600	0.7660	48.1667	28.0928	NaN	NaN
17-Feb-2025 04:15:01	30.6094	2.9200	NaN	0.7340	0.7400	48.1771	27.9809	NaN	NaN
17-Feb-2025 04:30:01	30.6463	2.7397	NaN	0.7060	0.7110	48.1875	27.8691	NaN	NaN
17-Feb-2025 04:45:00	30.6382	2.6793	NaN	0.6840	0.6890	48.1979	27.8148	NaN	NaN
17-Feb-2025 05:00:01	30.5729	2.7302	NaN	0.6500	0.6550	48.2083	27.8010	NaN	NaN
17-Feb-2025 05:15:01	30.5872	2.7385	NaN	0.6250	0.6300	48.2188	27.8194	NaN	NaN
17-Feb-2025 05:30:00	30.5313	2.5787	NaN	0.6020	0.6070	48.2292	27.6476	NaN	NaN
17-Feb-2025 05:45:01	30.5339	2.5107	NaN	0.5770	0.5810	48.2396	27.5964	NaN	NaN
17-Feb-2025 06:00:01	30.3749	2.5403	NaN	0.5520	0.5560	48.2500	27.4890	NaN	NaN
17-Feb-2025 06:15:00	30.4333	2.3915	NaN	0.5270	0.5320	48.2604	27.4205	NaN	NaN
17-Feb-2025 06:30:01	30.3275	2.3583	NaN	0.5160	0.5200	48.2708	27.3081	NaN	NaN
17-Feb-2025 06:45:01	30.3499	2.3573	NaN	0.4990	0.5030	48.2813	27.3257	NaN	NaN
17-Feb-2025 07:00:00	30.3324	2.1959	NaN	0.4840	0.4870	48.2917	27.1858	NaN	NaN
17-Feb-2025 07:15:01	30.2391	2.1562	NaN	0.4680	0.4720	48.3021	27.0790	NaN	NaN
17-Feb-2025 07:30:01	30.2293	2.0427	NaN	0.4660	0.4700	48.3125	26.9831	NaN	NaN
17-Feb-2025 07:45:00	30.1497	2.0915	NaN	0.4520	0.4560	48.3229	26.9562	NaN	NaN
17-Feb-2025 08:00:01	30.2652	1.8268	NaN	0.4600	0.4630	48.3333	26.8451	NaN	NaN
17-Feb-2025 08:15:01	30.0914	1.7773	NaN	0.4550	0.4580	48.3438	26.6668	NaN	NaN
17-Feb-2025 08:30:00	30.1967	1.9130	NaN	0.4420	0.4450	48.3542	26.8564	NaN	NaN
17-Feb-2025 08:45:01	30.1767	1.9072	NaN	0.4540	0.4570	48.3646	26.8358	NaN	NaN
17-Feb-2025 09:00:01	29.9642	1.5634	NaN	0.4700	0.4740	48.3750	26.4007	NaN	NaN
17-Feb-2025 09:15:00	29.5439	1.5153	NaN	0.4560	0.4600	48.3854	26.0274	NaN	NaN
17-Feb-2025 09:30:01	29.5142	1.3678	NaN	0.4640	0.4680	48.3958	25.8925	NaN	NaN
17-Feb-2025 09:45:01	29.3924	1.2567	NaN	0.4710	0.4750	48.4063	25.7120	NaN	NaN
17-Feb-2025 10:00:00	29.3620	1.3796	NaN	0.4720	0.4760	48.4167	25.7798	NaN	NaN
17-Feb-2025 10:15:01	29.4653	1.4800	NaN	0.5020	0.5060	48.4271	25.9379	NaN	NaN
17-Feb-2025 10:30:01	29.5086	1.5156	NaN	0.5210	0.5250	48.4375	25.9994	NaN	NaN
17-Feb-2025 10:45:00	29.5569	1.6208	NaN	0.5230	0.5270	48.4479	26.1175	NaN	NaN
17-Feb-2025 11:00:01	29.4914	1.6026	NaN	0.5250	0.5290	48.4583	26.0511	NaN	NaN
17-Feb-2025 11:15:01	29.4429	1.5877	NaN	0.5390	0.5440	48.4688	26.0010	NaN	NaN
17-Feb-2025 11:30:00	29.3234	1.8495	NaN	0.5380	0.5430	48.4792	26.1016	NaN	NaN
17-Feb-2025 11:45:01	29.6092	1.7434	NaN	0.5230	0.5270	48.4896	26.2524	NaN	NaN
17-Feb-2025 12:00:01	29.1911	2.6694	NaN	0.5240	0.5280	48.5000	26.6113	NaN	NaN
17-Feb-2025 12:15:00	29.2157	2.8379	NaN	0.5250	0.5290	48.5104	26.7593	NaN	NaN
17-Feb-2025 12:30:01	29.0516	3.0249	NaN	0.5180	0.5220	48.5208	26.7638	NaN	NaN
17-Feb-2025 12:45:01	29.1042	2.9473	NaN	0.4900	0.4940	48.5313	26.7491	NaN	NaN
17-Feb-2025 13:00:00	29.1693	2.8894	NaN	0.4770	0.4810	48.5417	26.7596	NaN	NaN
17-Feb-2025 13:15:01	29.0200	2.8722	NaN	0.4650	0.4680	48.5521	26.6222	NaN	NaN
17-Feb-2025 13:30:01	29.0755	2.9049	NaN	0.4510	0.4540	48.5625	26.6930	NaN	NaN
17-Feb-2025 13:45:00	29.0300	2.9152	NaN	0.4290	0.4320	48.5729	26.6628	NaN	NaN
17-Feb-2025 14:00:01	28.6433	3.1542	NaN	0.4080	0.4120	48.5833	26.5179	NaN	NaN
17-Feb-2025 14:15:01	28.9772	3.0894	NaN	0.3920	0.3950	48.5938	26.7500	NaN	NaN
17-Feb-2025 14:30:00	28.6561	3.2572	NaN	0.3780	0.3810	48.6042	26.6058	NaN	NaN
17-Feb-2025 14:45:01	28.1972	3.3754	NaN	0.3500	0.3530	48.6146	26.3053	NaN	NaN
17-Feb-2025 15:00:01	28.2313	3.4019	NaN	0.3330	0.3350	48.6250	26.3537	NaN	NaN
17-Feb-2025 15:15:00	28.2087	3.4018	NaN	0.3100	0.3120	48.6354	26.3344	NaN	NaN
17-Feb-2025 15:30:01	28.8383	3.1574	NaN	0.2840	0.2860	48.6458	26.6845	NaN	NaN
17-Feb-2025 15:45:01	28.6981	3.1259	NaN	0.2690	0.2710	48.6563	26.5430	NaN	NaN
17-Feb-2025 16:00:00	28.9433	2.8972	NaN	0.2470	0.2490	48.6667	26.5768	NaN	NaN
17-Feb-2025 16:15:01	28.7805	2.8224	NaN	0.2380	0.2400	48.6771	26.3850	NaN	NaN
17-Feb-2025 16:30:01	28.6444	2.8119	NaN	0.2230	0.2250	48.6875	26.2636	NaN	NaN
17-Feb-2025 16:45:00	28.3816	2.9993	NaN	0.2200	0.2210	48.6979	26.1828	NaN	NaN
17-Feb-2025 17:00:01	28.3963	2.8616	NaN	0.2070	0.2080	48.7083	26.0934	NaN	NaN
17-Feb-2025 17:15:01	28.6689	2.8546	NaN	0.1940	0.1950	48.7188	26.3159	NaN	NaN
17-Feb-2025 17:30:00	28.7046	2.7826	NaN	0.1880	0.1900	48.7292	26.2920	NaN	NaN
17-Feb-2025 17:45:01	28.7636	2.5274	NaN	0.1870	0.1880	48.7396	26.1508	NaN	NaN
17-Feb-2025 18:00:01	27.8065	2.6922	NaN	0.1810	0.1820	48.7500	25.4770	NaN	NaN
17-Feb-2025 18:15:00	28.1543	2.5640	NaN	0.1720	0.1730	48.7604	25.6731	NaN	NaN
17-Feb-2025 18:30:01	28.9019	2.1301	NaN	0.1700	0.1710	48.7708	25.9686	NaN	NaN
17-Feb-2025 18:45:01	27.9611	2.3064	NaN	0.1710	0.1720	48.7813	25.3257	NaN	NaN
17-Feb-2025 19:00:00	28.7866	1.9787	NaN	0.1690	0.1700	48.7917	25.7621	NaN	NaN
17-Feb-2025 19:15:01	28.6570	1.8580	NaN	0.1700	0.1720	48.8021	25.5674	NaN	NaN
17-Feb-2025 19:30:01	29.2702	1.2333	NaN	0.1810	0.1830	48.8125	25.5971	NaN	NaN
17-Feb-2025 19:45:00	29.0479	1.4172	NaN	0.1930	0.1950	48.8229	25.5565	NaN	NaN
17-Feb-2025 20:00:01	29.0421	1.1705	NaN	0.2140	0.2150	48.8333	25.3689	NaN	NaN
17-Feb-2025 20:15:01	29.0960	1.1272	NaN	0.2260	0.2280	48.8438	25.3797	NaN	NaN
17-Feb-2025 20:30:00	29.2615	0.8547	NaN	0.2550	0.2570	48.8542	25.3084	NaN	NaN
17-Feb-2025 20:45:01	29.3199	1.4439	NaN	0.2810	0.2830	48.8646	25.7943	NaN	NaN
17-Feb-2025 21:00:01	29.3336	1.3681	NaN	0.2850	0.2870	48.8750	25.7484	NaN	NaN
17-Feb-2025 21:15:00	29.3410	1.2165	NaN	0.3090	0.3110	48.8854	25.6409	NaN	NaN
17-Feb-2025 21:30:01	29.3017	1.1620	NaN	0.3260	0.3290	48.8958	25.5690	NaN	NaN
17-Feb-2025 21:45:01	29.2680	1.2049	NaN	0.3460	0.3480	48.9063	25.5742	NaN	NaN
17-Feb-2025 22:00:00	29.1961	1.1181	NaN	0.3730	0.3750	48.9167	25.4525	NaN	NaN
17-Feb-2025 22:15:01	28.9930	1.1776	NaN	0.3890	0.3920	48.9271	25.3352	NaN	NaN
17-Feb-2025 22:30:01	28.9093	1.1633	NaN	0.4010	0.4040	48.9375	25.2581	NaN	NaN
17-Feb-2025 22:45:00	28.9056	1.1975	NaN	0.4330	0.4370	48.9479	25.2803	NaN	NaN
17-Feb-2025 23:00:01	29.2961	1.4115	NaN	0.4480	0.4520	48.9583	25.7510	NaN	NaN
17-Feb-2025 23:15:01	30.1600	1.7511	NaN	0.4640	0.4680	48.9688	26.7019	NaN	NaN
17-Feb-2025 23:30:00	30.4763	1.3221	NaN	0.4700	0.4740	48.9792	26.6236	NaN	NaN
17-Feb-2025 23:45:01	30.4865	1.9512	NaN	0.4790	0.4830	48.9896	27.1202	NaN	NaN
18-Feb-2025 00:00:01	30.6712	1.6343	NaN	0.4880	0.4920	49.0000	27.0216	NaN	NaN
18-Feb-2025 00:15:00	31.2001	1.9985	NaN	0.4990	0.5030	49.0104	27.7336	NaN	NaN
18-Feb-2025 00:30:01	31.0468	1.7523	NaN	0.4980	0.5020	49.0208	27.4152	NaN	NaN
18-Feb-2025 00:45:01	31.2118	1.8007	NaN	0.5000	0.5040	49.0313	27.5858	NaN	NaN
18-Feb-2025 01:00:00	30.9888	1.7437	NaN	0.4940	0.4980	49.0417	27.3618	NaN	NaN
18-Feb-2025 01:15:01	30.7776	1.7857	NaN	0.4770	0.4810	49.0521	27.2254	NaN	NaN
18-Feb-2025 01:30:01	30.6391	0.8092	NaN	0.4580	0.4620	49.0625	26.3551	NaN	NaN
18-Feb-2025 01:45:00	29.6666	0.6861	NaN	0.4460	0.4500	49.0729	25.5006	NaN	NaN
18-Feb-2025 02:00:01	29.7695	0.7286	NaN	0.4380	0.4410	49.0833	25.6131	NaN	NaN
18-Feb-2025 02:15:01	29.3332	0.5655	NaN	0.4210	0.4250	49.0938	25.1499	NaN	NaN
18-Feb-2025 02:30:00	29.5356	0.6016	NaN	0.4000	0.4030	49.1042	25.3348	NaN	NaN
18-Feb-2025 02:45:01	29.5486	0.4661	NaN	0.3750	0.3780	49.1146	25.2438	NaN	NaN
18-Feb-2025 03:00:01	29.3409	0.4901	NaN	0.3480	0.3510	49.1250	25.1000	NaN	NaN
18-Feb-2025 03:15:00	29.6193	0.4837	NaN	0.3270	0.3300	49.1354	25.3119	NaN	NaN
18-Feb-2025 03:30:01	29.0618	0.2450	NaN	0.3030	0.3050	49.1458	24.7022	NaN	NaN
18-Feb-2025 03:45:01	28.4602	0.1646	NaN	0.2790	0.2810	49.1563	24.1778	NaN	NaN
18-Feb-2025 04:00:00	29.2246	0.2291	NaN	0.2610	0.2630	49.1667	24.8166	NaN	NaN
18-Feb-2025 04:15:01	29.0619	0.0374	NaN	0.2350	0.2370	49.1771	24.5502	NaN	NaN
18-Feb-2025 04:30:01	29.6760	0.1261	NaN	0.2240	0.2250	49.1875	25.0886	NaN	NaN
18-Feb-2025 04:45:00	29.6345	0.1902	NaN	0.2030	0.2040	49.1979	25.1044	NaN	NaN
18-Feb-2025 05:00:01	29.8713	-0.2507	NaN	0.1840	0.1860	49.2083	24.9567	NaN	NaN
18-Feb-2025 05:15:01	29.6196	-0.3383	NaN	0.1720	0.1730	49.2188	24.7000	NaN	NaN
18-Feb-2025 05:30:00	29.2038	-0.6284	NaN	0.1440	0.1450	49.2292	24.1718	NaN	NaN
18-Feb-2025 05:45:01	28.6670	-0.3849	NaN	0.1320	0.1330	49.2396	23.9411	NaN	NaN
18-Feb-2025 06:00:01	26.9167	-0.5332	NaN	0.1150	0.1160	49.2500	22.5018	NaN	NaN
18-Feb-2025 06:15:00	26.5324	-0.5233	NaN	0.1020	0.1020	49.2604	22.2145	NaN	NaN
18-Feb-2025 06:30:01	28.1243	-0.4994	NaN	0.0870	0.0880	49.2708	23.4462	NaN	NaN
18-Feb-2025 06:45:01	26.1679	-0.7051	NaN	0.0800	0.0800	49.2813	21.8147	NaN	NaN
18-Feb-2025 07:00:00	25.9201	-0.7413	NaN	0.0670	0.0680	49.2917	21.6018	NaN	NaN
18-Feb-2025 07:15:01	25.0792	-0.8869	NaN	0.0730	0.0730	49.3021	20.8666	NaN	NaN
18-Feb-2025 07:30:01	25.8211	-0.7314	NaN	0.0620	0.0620	49.3125	21.5328	NaN	NaN
18-Feb-2025 07:45:00	25.9777	-0.7853	NaN	0.0650	0.0660	49.3229	21.6168	NaN	NaN
18-Feb-2025 08:00:01	25.1710	-0.9706	NaN	0.0700	0.0710	49.3333	20.8832	NaN	NaN
18-Feb-2025 08:15:01	26.0440	-1.2826	NaN	0.0910	0.0920	49.3438	21.3409	NaN	NaN
18-Feb-2025 08:30:00	27.9297	-1.3586	NaN	0.1100	0.1110	49.3542	22.6973	NaN	NaN
18-Feb-2025 08:45:01	29.0613	-1.4488	NaN	0.1450	0.1460	49.3646	23.4708	NaN	NaN
18-Feb-2025 09:00:01	29.0399	-1.4554	NaN	0.1650	0.1670	49.3750	23.4504	NaN	NaN
18-Feb-2025 09:15:00	28.9835	-1.3985	NaN	0.1960	0.1980	49.3854	23.4496	NaN	NaN
18-Feb-2025 09:30:01	28.7752	-1.2992	NaN	0.2270	0.2290	49.3958	23.3666	NaN	NaN
18-Feb-2025 09:45:01	29.0672	-1.3866	NaN	0.2560	0.2580	49.4063	23.5200	NaN	NaN
18-Feb-2025 10:00:00	29.0805	-1.3460	NaN	0.2790	0.2810	49.4167	23.5591	NaN	NaN
18-Feb-2025 10:15:01	29.1898	-1.2791	NaN	0.3010	0.3040	49.4271	23.6884	NaN	NaN
18-Feb-2025 10:30:01	28.9880	-1.2069	NaN	0.3190	0.3220	49.4375	23.5908	NaN	NaN
18-Feb-2025 10:45:00	28.8575	-1.1212	NaN	0.3360	0.3380	49.4479	23.5554	NaN	NaN
18-Feb-2025 11:00:01	28.8032	-1.0282	NaN	0.3510	0.3540	49.4583	23.5816	NaN	NaN
18-Feb-2025 11:15:01	28.7753	-0.9507	NaN	0.3640	0.3660	49.4688	23.6164	NaN	NaN
18-Feb-2025 11:30:00	28.8040	-0.8340	NaN	0.3720	0.3750	49.4792	23.7218	NaN	NaN
18-Feb-2025 11:45:01	28.8669	-0.5975	NaN	0.3840	0.3870	49.4896	23.9397	NaN	NaN
18-Feb-2025 12:00:01	29.0346	-0.1747	NaN	0.3950	0.3980	49.5000	24.3743	NaN	NaN
18-Feb-2025 12:15:00	29.9012	0.6461	NaN	0.4100	0.4130	49.5104	25.6537	NaN	NaN
18-Feb-2025 12:30:01	30.4093	1.1053	NaN	0.4140	0.4170	49.5208	26.4031	NaN	NaN
18-Feb-2025 12:45:01	30.8132	1.4860	NaN	0.4220	0.4260	49.5313	27.0191	NaN	NaN
18-Feb-2025 13:00:00	30.6483	1.6459	NaN	0.4080	0.4120	49.5417	27.0122	NaN	NaN
18-Feb-2025 13:15:01	30.8730	1.1529	NaN	0.3860	0.3890	49.5521	26.8059	NaN	NaN
18-Feb-2025 13:30:01	29.3568	1.2022	NaN	0.3710	0.3740	49.5625	25.6428	NaN	NaN
18-Feb-2025 13:45:00	28.1966	0.7664	NaN	0.3510	0.3540	49.5729	24.4044	NaN	NaN
18-Feb-2025 14:00:01	27.2135	0.9349	NaN	0.3350	0.3380	49.5833	23.7445	NaN	NaN
18-Feb-2025 14:15:01	27.0457	1.1036	NaN	0.3120	0.3140	49.5938	23.7279	NaN	NaN
18-Feb-2025 14:30:00	26.9599	1.1527	NaN	0.3030	0.3050	49.6042	23.6932	NaN	NaN
18-Feb-2025 14:45:01	27.1953	1.1605	NaN	0.2810	0.2830	49.6146	23.8874	NaN	NaN
18-Feb-2025 15:00:01	26.8961	1.3044	NaN	0.2610	0.2630	49.6250	23.7472	NaN	NaN
18-Feb-2025 15:15:00	27.1878	1.1519	NaN	0.2360	0.2380	49.6354	23.8753	NaN	NaN
18-Feb-2025 15:30:01	27.4697	1.1516	NaN	0.2220	0.2240	49.6458	24.1009	NaN	NaN
18-Feb-2025 15:45:01	27.3661	1.1381	NaN	0.2000	0.2020	49.6563	24.0085	NaN	NaN
18-Feb-2025 16:00:00	27.3284	1.1180	NaN	0.1840	0.1860	49.6667	23.9642	NaN	NaN
18-Feb-2025 16:15:01	27.0033	1.2148	NaN	0.1710	0.1730	49.6771	23.7711	NaN	NaN
18-Feb-2025 16:30:01	27.4786	1.1995	NaN	0.1640	0.1650	49.6875	24.1418	NaN	NaN
18-Feb-2025 16:45:00	27.6212	1.1078	NaN	0.1450	0.1460	49.6979	24.1911	NaN	NaN
18-Feb-2025 17:00:01	27.5689	1.0455	NaN	0.1340	0.1350	49.7083	24.1052	NaN	NaN
18-Feb-2025 17:15:01	26.9533	1.0120	NaN	0.1270	0.1280	49.7188	23.5904	NaN	NaN
18-Feb-2025 17:30:00	26.9697	0.9492	NaN	0.1240	0.1250	49.7292	23.5601	NaN	NaN
18-Feb-2025 17:45:01	26.6542	0.7161	NaN	0.1140	0.1150	49.7396	23.1489	NaN	NaN
18-Feb-2025 18:00:01	26.1000	0.5272	NaN	0.1150	0.1160	49.7500	22.5822	NaN	NaN
18-Feb-2025 18:15:00	26.1507	0.5064	NaN	0.1180	0.1190	49.7604	22.6083	NaN	NaN
18-Feb-2025 18:30:01	26.1159	0.3890	NaN	0.1240	0.1250	49.7708	22.5023	NaN	NaN
18-Feb-2025 18:45:01	26.0240	0.2620	NaN	0.1360	0.1370	49.7813	22.3454	NaN	NaN
18-Feb-2025 19:00:00	26.0491	0.1330	NaN	0.1410	0.1420	49.7917	22.2791	NaN	NaN
18-Feb-2025 19:15:01	25.6305	0.0064	NaN	0.1480	0.1490	49.8021	21.8685	NaN	NaN
18-Feb-2025 19:30:01	25.7953	-0.2039	NaN	0.1660	0.1670	49.8125	21.8587	NaN	NaN
18-Feb-2025 19:45:00	27.3464	-0.5955	NaN	0.1860	0.1880	49.8229	22.7870	NaN	NaN
18-Feb-2025 20:00:01	28.5592	-0.5037	NaN	0.2050	0.2060	49.8333	23.7738	NaN	NaN
18-Feb-2025 20:15:01	28.6414	-0.4072	NaN	0.2270	0.2280	49.8438	23.9056	NaN	NaN
18-Feb-2025 20:30:00	27.4556	-0.5454	NaN	0.2500	0.2520	49.8542	22.9047	NaN	NaN
18-Feb-2025 20:45:01	28.6336	-0.5616	NaN	0.2760	0.2790	49.8646	23.7888	NaN	NaN
18-Feb-2025 21:00:01	28.7100	-0.5741	NaN	0.2940	0.2970	49.8750	23.8377	NaN	NaN
18-Feb-2025 21:15:00	28.6443	-0.5940	NaN	0.3260	0.3280	49.8854	23.7737	NaN	NaN
18-Feb-2025 21:30:01	28.6102	-0.5340	NaN	0.3400	0.3420	49.8958	23.7909	NaN	NaN
18-Feb-2025 21:45:01	28.5277	-0.5347	NaN	0.3710	0.3740	49.9063	23.7278	NaN	NaN
18-Feb-2025 22:00:00	28.4064	-0.4753	NaN	0.3970	0.4000	49.9167	23.6781	NaN	NaN
18-Feb-2025 22:15:01	28.3937	-0.5101	NaN	0.4240	0.4280	49.9271	23.6435	NaN	NaN
18-Feb-2025 22:30:01	28.4577	-0.2497	NaN	0.4580	0.4620	49.9375	23.8785	NaN	NaN
18-Feb-2025 22:45:00	29.8833	0.3243	NaN	0.4950	0.4990	49.9479	25.3972	NaN	NaN
18-Feb-2025 23:00:01	30.8491	1.1994	NaN	0.5250	0.5290	49.9583	26.8235	NaN	NaN
18-Feb-2025 23:15:01	31.0026	0.4949	NaN	0.5480	0.5520	49.9688	26.3941	NaN	NaN
18-Feb-2025 23:30:00	30.9662	1.3218	NaN	0.5740	0.5790	49.9792	27.0119	NaN	NaN
18-Feb-2025 23:45:01	31.0557	1.3916	NaN	0.6010	0.6060	49.9896	27.1377	NaN	NaN
19-Feb-2025 00:00:01	31.2625	1.2392	NaN	0.6190	0.6240	50.0000	27.1812	NaN	NaN
19-Feb-2025 00:15:00	31.1105	1.1485	NaN	0.6350	0.6400	50.0104	26.9899	NaN	NaN
19-Feb-2025 00:30:01	31.1724	1.1641	NaN	0.6430	0.6480	50.0208	27.0509	NaN	NaN
19-Feb-2025 00:45:01	31.2452	1.0727	NaN	0.6510	0.6560	50.0313	27.0362	NaN	NaN
19-Feb-2025 01:00:00	31.0672	1.2337	NaN	0.6550	0.6600	50.0417	27.0227	NaN	NaN
19-Feb-2025 01:15:01	31.3515	1.1176	NaN	0.6560	0.6610	50.0521	27.1553	NaN	NaN
19-Feb-2025 01:30:01	31.0890	1.3276	NaN	0.6570	0.6630	50.0625	27.1138	NaN	NaN
19-Feb-2025 01:45:00	31.2531	1.3149	NaN	0.6560	0.6610	50.0729	27.2337	NaN	NaN
19-Feb-2025 02:00:01	31.2973	1.3182	NaN	0.6480	0.6530	50.0833	27.2713	NaN	NaN
19-Feb-2025 02:15:01	31.3000	1.0503	NaN	0.6370	0.6420	50.0938	27.0615	NaN	NaN
19-Feb-2025 02:30:00	31.1106	1.3123	NaN	0.6320	0.6370	50.1042	27.1189	NaN	NaN
19-Feb-2025 02:45:01	30.5601	0.3027	NaN	0.6060	0.6110	50.1146	25.9037	NaN	NaN
19-Feb-2025 03:00:01	30.6606	0.4406	NaN	0.5860	0.5900	50.1250	26.0873	NaN	NaN
19-Feb-2025 03:15:00	30.8454	0.4695	NaN	0.5750	0.5790	50.1354	26.2527	NaN	NaN
19-Feb-2025 03:30:01	30.5897	0.3330	NaN	0.5550	0.5600	50.1458	25.9497	NaN	NaN
19-Feb-2025 03:45:01	30.5154	0.2266	NaN	0.5360	0.5400	50.1563	25.8109	NaN	NaN
19-Feb-2025 04:00:00	30.5520	0.2142	NaN	0.5190	0.5230	50.1667	25.8295	NaN	NaN
19-Feb-2025 04:15:01	30.5047	0.1953	NaN	0.4990	0.5020	50.1771	25.7787	NaN	NaN
19-Feb-2025 04:30:01	30.4396	0.0871	NaN	0.4790	0.4830	50.1875	25.6460	NaN	NaN
19-Feb-2025 04:45:00	30.5097	0.0810	NaN	0.4610	0.4650	50.1979	25.6951	NaN	NaN
19-Feb-2025 05:00:01	30.2305	0.0545	NaN	0.4500	0.4530	50.2083	25.4609	NaN	NaN
19-Feb-2025 05:15:01	30.3549	-0.0475	NaN	0.4310	0.4350	50.2188	25.4787	NaN	NaN
19-Feb-2025 05:30:00	30.3362	-0.1613	NaN	0.4140	0.4180	50.2292	25.3780	NaN	NaN
19-Feb-2025 05:45:01	30.2322	-0.1451	NaN	0.4070	0.4100	50.2396	25.3111	NaN	NaN
19-Feb-2025 06:00:01	30.3457	-0.3067	NaN	0.3930	0.3960	50.2500	25.2751	NaN	NaN
19-Feb-2025 06:15:00	30.2190	-0.3686	NaN	0.3810	0.3840	50.2604	25.1323	NaN	NaN
19-Feb-2025 06:30:01	30.2003	-0.3714	NaN	0.3760	0.3790	50.2708	25.1160	NaN	NaN
19-Feb-2025 06:45:01	30.1387	-0.3495	NaN	0.3700	0.3720	50.2813	25.0858	NaN	NaN
19-Feb-2025 07:00:00	30.1478	-0.7323	NaN	0.3590	0.3620	50.2917	24.8052	NaN	NaN
19-Feb-2025 07:15:01	30.1964	-0.7408	NaN	0.3610	0.3640	50.3021	24.8353	NaN	NaN
19-Feb-2025 07:30:01	30.0465	-0.8867	NaN	0.3620	0.3650	50.3125	24.6139	NaN	NaN
19-Feb-2025 07:45:00	30.0629	-0.9311	NaN	0.3630	0.3660	50.3229	24.5930	NaN	NaN
19-Feb-2025 08:00:01	29.7714	-1.5421	NaN	0.3740	0.3770	50.3333	23.9252	NaN	NaN
19-Feb-2025 08:15:01	29.6690	-1.5528	NaN	0.3950	0.3980	50.3438	23.8423	NaN	NaN
19-Feb-2025 08:30:00	29.7436	-1.5292	NaN	0.4060	0.4090	50.3542	23.9143	NaN	NaN
19-Feb-2025 08:45:01	29.7579	-1.4670	NaN	0.4330	0.4370	50.3646	23.9705	NaN	NaN
19-Feb-2025 09:00:01	29.7355	-1.4567	NaN	0.4580	0.4620	50.3750	23.9616	NaN	NaN
19-Feb-2025 09:15:00	29.7319	-1.4114	NaN	0.4770	0.4810	50.3854	23.9922	NaN	NaN
19-Feb-2025 09:30:01	29.7342	-1.3418	NaN	0.5010	0.5050	50.3958	24.0451	NaN	NaN
19-Feb-2025 09:45:01	29.4485	-1.2446	NaN	0.5130	0.5170	50.4063	23.9052	NaN	NaN
19-Feb-2025 10:00:00	29.7332	-1.0969	NaN	0.5290	0.5330	50.4167	24.2247	NaN	NaN
19-Feb-2025 10:15:01	29.7679	-0.9477	NaN	0.5590	0.5630	50.4271	24.3608	NaN	NaN
19-Feb-2025 10:30:01	29.7907	-0.7789	NaN	0.5770	0.5820	50.4375	24.5028	NaN	NaN
19-Feb-2025 10:45:00	30.1719	-0.0889	NaN	0.6060	0.6110	50.4479	25.3077	NaN	NaN
19-Feb-2025 11:00:01	30.5348	0.5546	NaN	0.6270	0.6320	50.4583	26.0776	NaN	NaN
19-Feb-2025 11:15:01	30.4523	0.7584	NaN	0.6420	0.6470	50.4688	26.1700	NaN	NaN
19-Feb-2025 11:30:00	30.6694	0.9280	NaN	0.6690	0.6740	50.4792	26.4709	NaN	NaN
19-Feb-2025 11:45:01	31.2026	1.1230	NaN	0.6860	0.6910	50.4896	27.0424	NaN	NaN
19-Feb-2025 12:00:01	30.7191	1.3815	NaN	0.7090	0.7150	50.5000	26.8626	NaN	NaN
19-Feb-2025 12:15:00	30.9992	1.6802	NaN	0.7170	0.7230	50.5104	27.3202	NaN	NaN
19-Feb-2025 12:30:01	31.0950	1.6691	NaN	0.7310	0.7360	50.5208	27.3880	NaN	NaN
19-Feb-2025 12:45:01	31.3989	1.4209	NaN	0.7430	0.7490	50.5313	27.4333	NaN	NaN
19-Feb-2025 13:00:00	31.1586	2.0310	NaN	0.7710	0.7770	50.5417	27.7261	NaN	NaN
19-Feb-2025 13:15:01	31.4430	1.6750	NaN	0.7810	0.7870	50.5521	27.6709	NaN	NaN
19-Feb-2025 13:30:01	31.1421	1.9825	NaN	0.7900	0.7960	50.5625	27.6742	NaN	NaN
19-Feb-2025 13:45:00	31.0963	2.0636	NaN	0.7990	0.8060	50.5729	27.7016	NaN	NaN
19-Feb-2025 14:00:01	31.1786	2.5580	NaN	0.8040	0.8100	50.5833	28.1625	NaN	NaN
19-Feb-2025 14:15:01	31.1227	2.3780	NaN	0.8050	0.8120	50.5938	27.9732	NaN	NaN
19-Feb-2025 14:30:00	31.3045	2.4585	NaN	0.8050	0.8110	50.6042	28.1858	NaN	NaN
19-Feb-2025 14:45:01	31.3966	2.5005	NaN	0.8150	0.8220	50.6146	28.2948	NaN	NaN
19-Feb-2025 15:00:01	31.3629	2.4915	NaN	0.8110	0.8170	50.6250	28.2601	NaN	NaN
19-Feb-2025 15:15:00	31.2626	2.5303	NaN	0.7970	0.8030	50.6354	28.2091	NaN	NaN
19-Feb-2025 15:30:01	30.1453	2.3796	NaN	0.7850	0.7910	50.6458	27.1757	NaN	NaN
19-Feb-2025 15:45:01	30.6872	2.4172	NaN	0.7800	0.7870	50.6563	27.6485	NaN	NaN
19-Feb-2025 16:00:00	31.0145	2.3937	NaN	0.7690	0.7750	50.6667	27.8974	NaN	NaN
19-Feb-2025 16:15:01	31.0481	2.2840	NaN	0.7470	0.7530	50.6771	27.8375	NaN	NaN
19-Feb-2025 16:30:01	30.8683	2.1401	NaN	0.7400	0.7460	50.6875	27.5776	NaN	NaN
19-Feb-2025 16:45:00	30.6021	2.0363	NaN	0.7280	0.7340	50.6979	27.2803	NaN	NaN
19-Feb-2025 17:00:01	30.5159	1.9124	NaN	0.7160	0.7210	50.7083	27.1139	NaN	NaN
19-Feb-2025 17:15:01	30.5868	1.8565	NaN	0.7070	0.7120	50.7188	27.1274	NaN	NaN
19-Feb-2025 17:30:00	30.6149	1.8700	NaN	0.6970	0.7030	50.7292	27.1606	NaN	NaN
19-Feb-2025 17:45:01	30.5411	1.7518	NaN	0.6860	0.6910	50.7396	27.0090	NaN	NaN
19-Feb-2025 18:00:01	30.5480	1.9198	NaN	0.6770	0.6830	50.7500	27.1454	NaN	NaN
19-Feb-2025 18:15:00	30.5895	1.7002	NaN	0.6780	0.6830	50.7604	27.0076	NaN	NaN
19-Feb-2025 18:30:01	30.4920	1.2763	NaN	0.6790	0.6840	50.7708	26.6006	NaN	NaN
19-Feb-2025 18:45:01	30.3164	1.4928	NaN	0.6810	0.6860	50.7813	26.6282	NaN	NaN
19-Feb-2025 19:00:00	30.4072	1.3760	NaN	0.6810	0.6860	50.7917	26.6105	NaN	NaN
19-Feb-2025 19:15:01	30.4619	1.3762	NaN	0.6820	0.6880	50.8021	26.6541	NaN	NaN
19-Feb-2025 19:30:01	30.4565	1.2886	NaN	0.6830	0.6880	50.8125	26.5820	NaN	NaN
19-Feb-2025 19:45:00	30.5141	1.2253	NaN	0.7020	0.7070	50.8229	26.5787	NaN	NaN
19-Feb-2025 20:00:01	30.8851	1.3460	NaN	0.7000	0.7050	50.8333	26.9666	NaN	NaN
19-Feb-2025 20:15:01	30.4658	1.4878	NaN	0.7050	0.7110	50.8438	26.7436	NaN	NaN
19-Feb-2025 20:30:00	30.4731	1.3905	NaN	0.7220	0.7280	50.8542	26.6741	NaN	NaN
19-Feb-2025 20:45:01	30.4788	1.2768	NaN	0.7360	0.7410	50.8646	26.5906	NaN	NaN
19-Feb-2025 21:00:01	30.4608	1.2662	NaN	0.7470	0.7530	50.8750	26.5681	NaN	NaN
19-Feb-2025 21:15:00	30.5211	1.2557	NaN	0.7670	0.7730	50.8854	26.6078	NaN	NaN
19-Feb-2025 21:30:01	30.4742	1.3013	NaN	0.7850	0.7910	50.8958	26.6058	NaN	NaN
19-Feb-2025 21:45:01	30.5125	1.3040	NaN	0.7980	0.8040	50.9063	26.6384	NaN	NaN
19-Feb-2025 22:00:00	30.5442	1.2693	NaN	0.8130	0.8190	50.9167	26.6367	NaN	NaN
19-Feb-2025 22:15:01	30.6220	1.4896	NaN	0.8310	0.8380	50.9271	26.8697	NaN	NaN
19-Feb-2025 22:30:01	30.7221	1.6376	NaN	0.8560	0.8620	50.9375	27.0650	NaN	NaN
19-Feb-2025 22:45:00	31.0405	1.4701	NaN	0.8740	0.8810	50.9479	27.1877	NaN	NaN
19-Feb-2025 23:00:01	30.9838	1.6398	NaN	0.8980	0.9050	50.9583	27.2761	NaN	NaN
19-Feb-2025 23:15:01	31.1357	1.8363	NaN	0.9190	0.9260	50.9688	27.5531	NaN	NaN
19-Feb-2025 23:30:00	31.1619	1.7898	NaN	0.9390	0.9460	50.9792	27.5373	NaN	NaN
19-Feb-2025 23:45:01	31.1970	1.8055	NaN	0.9610	0.9690	50.9896	27.5779	NaN	NaN
20-Feb-2025 00:00:01	31.2430	1.7616	NaN	0.9870	0.9950	51.0000	27.5800	NaN	NaN
20-Feb-2025 00:15:00	31.1879	1.8014	NaN	1.0100	1.0180	51.0104	27.5674	NaN	NaN
20-Feb-2025 00:30:01	30.7423	1.8077	NaN	1.0330	1.0410	51.0208	27.2145	NaN	NaN
20-Feb-2025 00:45:01	31.2854	1.8228	NaN	1.0540	1.0620	51.0313	27.6627	NaN	NaN
20-Feb-2025 01:00:00	31.3457	1.8368	NaN	1.0800	1.0890	51.0417	27.7222	NaN	NaN
20-Feb-2025 01:15:01	31.3671	1.8584	NaN	1.1010	1.1090	51.0521	27.7567	NaN	NaN
20-Feb-2025 01:30:01	31.3799	1.8470	NaN	1.1190	1.1280	51.0625	27.7578	NaN	NaN
20-Feb-2025 01:45:00	31.5295	1.7431	NaN	1.1330	1.1420	51.0729	27.7947	NaN	NaN
20-Feb-2025 02:00:01	31.3783	1.5850	NaN	1.1480	1.1570	51.0833	27.5477	NaN	NaN
20-Feb-2025 02:15:01	31.4959	1.6613	NaN	1.1590	1.1680	51.0938	27.7023	NaN	NaN
20-Feb-2025 02:30:00	31.4597	1.9563	NaN	1.1660	1.1750	51.1042	27.9094	NaN	NaN
20-Feb-2025 02:45:01	31.5546	1.9232	NaN	1.1680	1.1770	51.1146	27.9592	NaN	NaN
20-Feb-2025 03:00:01	31.6600	1.9300	NaN	1.1690	1.1780	51.1250	28.0494	NaN	NaN
20-Feb-2025 03:15:00	31.5571	2.1436	NaN	1.1550	1.1640	51.1354	28.1383	NaN	NaN
20-Feb-2025 03:30:01	31.4904	2.0392	NaN	1.1420	1.1510	51.1458	28.0006	NaN	NaN
20-Feb-2025 03:45:01	31.6959	1.9329	NaN	1.1190	1.1280	51.1563	28.0805	NaN	NaN
20-Feb-2025 04:00:00	31.6172	2.0273	NaN	1.1010	1.1100	51.1667	28.0933	NaN	NaN
20-Feb-2025 04:15:01	31.6069	2.0370	NaN	1.0770	1.0860	51.1771	28.0927	NaN	NaN
20-Feb-2025 04:30:01	31.5638	1.9600	NaN	1.0560	1.0640	51.1875	27.9961	NaN	NaN
20-Feb-2025 04:45:00	31.5924	1.6475	NaN	1.0330	1.0410	51.1979	27.7682	NaN	NaN
20-Feb-2025 05:00:01	31.4388	1.6983	NaN	1.0110	1.0190	51.2083	27.6862	NaN	NaN
20-Feb-2025 05:15:01	31.4362	1.7079	NaN	0.9890	0.9970	51.2188	27.6918	NaN	NaN
20-Feb-2025 05:30:00	31.3821	1.5450	NaN	0.9630	0.9700	51.2292	27.5188	NaN	NaN
20-Feb-2025 05:45:01	31.3220	1.5266	NaN	0.9420	0.9500	51.2396	27.4563	NaN	NaN
20-Feb-2025 06:00:01	31.3338	1.4285	NaN	0.9160	0.9230	51.2500	27.3878	NaN	NaN
20-Feb-2025 06:15:00	31.3727	1.2625	NaN	0.8950	0.9020	51.2604	27.2869	NaN	NaN
20-Feb-2025 06:30:01	31.2812	1.0982	NaN	0.8690	0.8760	51.2708	27.0847	NaN	NaN
20-Feb-2025 06:45:01	31.2231	1.0085	NaN	0.8540	0.8600	51.2813	26.9683	NaN	NaN
20-Feb-2025 07:00:00	31.2337	0.9799	NaN	0.8420	0.8490	51.2917	26.9540	NaN	NaN
20-Feb-2025 07:15:01	31.2389	1.0033	NaN	0.8300	0.8360	51.3021	26.9765	NaN	NaN
20-Feb-2025 07:30:01	31.2015	0.9972	NaN	0.8080	0.8150	51.3125	26.9425	NaN	NaN
20-Feb-2025 07:45:00	31.1590	1.0240	NaN	0.7890	0.7950	51.3229	26.9302	NaN	NaN
20-Feb-2025 08:00:01	31.1340	0.9641	NaN	0.7780	0.7840	51.3333	26.8634	NaN	NaN
20-Feb-2025 08:15:01	31.2272	0.9935	NaN	0.7680	0.7740	51.3438	26.9596	NaN	NaN
20-Feb-2025 08:30:00	31.2818	0.8154	NaN	0.7490	0.7550	51.3542	26.8621	NaN	NaN
20-Feb-2025 08:45:01	31.0960	0.8208	NaN	0.7340	0.7390	51.3646	26.7213	NaN	NaN
20-Feb-2025 09:00:01	31.2102	0.7980	NaN	0.7330	0.7390	51.3750	26.7925	NaN	NaN
20-Feb-2025 09:15:00	31.0932	0.8076	NaN	0.7280	0.7340	51.3854	26.7088	NaN	NaN
20-Feb-2025 09:30:01	31.1333	0.3356	NaN	0.7360	0.7420	51.3958	26.3710	NaN	NaN
20-Feb-2025 09:45:01	31.1135	1.0581	NaN	0.7420	0.7480	51.4063	26.9212	NaN	NaN
20-Feb-2025 10:00:00	31.2257	0.8188	NaN	0.7440	0.7500	51.4167	26.8210	NaN	NaN
20-Feb-2025 10:15:01	31.1156	1.1047	NaN	0.7620	0.7680	51.4271	26.9595	NaN	NaN
20-Feb-2025 10:30:01	31.0694	1.1003	NaN	0.7720	0.7790	51.4375	26.9197	NaN	NaN
20-Feb-2025 10:45:00	30.9876	1.2400	NaN	0.7840	0.7910	51.4479	26.9648	NaN	NaN
20-Feb-2025 11:00:01	31.0577	1.2194	NaN	0.7960	0.8020	51.4583	27.0040	NaN	NaN
20-Feb-2025 11:15:01	30.9652	1.3927	NaN	0.8130	0.8200	51.4688	27.0669	NaN	NaN
20-Feb-2025 11:30:00	30.9906	1.3757	NaN	0.8380	0.8450	51.4792	27.0737	NaN	NaN
20-Feb-2025 11:45:01	30.9959	1.4683	NaN	0.8520	0.8580	51.4896	27.1507	NaN	NaN
20-Feb-2025 12:00:01	31.0774	1.3948	NaN	0.8700	0.8770	51.5000	27.1576	NaN	NaN
20-Feb-2025 12:15:00	30.7207	1.8314	NaN	0.8820	0.8890	51.5104	27.2156	NaN	NaN
20-Feb-2025 12:30:01	31.2831	1.5886	NaN	0.9000	0.9070	51.5208	27.4746	NaN	NaN
20-Feb-2025 12:45:01	31.3489	2.1532	NaN	0.9180	0.9250	51.5313	27.9775	NaN	NaN
20-Feb-2025 13:00:00	31.4301	2.2087	NaN	0.9380	0.9450	51.5417	28.0878	NaN	NaN
20-Feb-2025 13:15:01	31.1497	2.0542	NaN	0.9430	0.9500	51.5521	27.7374	NaN	NaN
20-Feb-2025 13:30:01	31.6889	1.8916	NaN	0.9590	0.9660	51.5625	28.0416	NaN	NaN
20-Feb-2025 13:45:00	30.7994	2.5482	NaN	0.9710	0.9790	51.5729	27.8439	NaN	NaN
20-Feb-2025 14:00:01	31.3390	2.7765	NaN	0.9830	0.9910	51.5833	28.4697	NaN	NaN
20-Feb-2025 14:15:01	31.3451	3.1163	NaN	0.9930	1.0010	51.5938	28.7488	NaN	NaN
20-Feb-2025 14:30:00	31.6655	2.8790	NaN	0.9980	1.0060	51.6042	28.8217	NaN	NaN
20-Feb-2025 14:45:01	31.6901	3.1187	NaN	1.0080	1.0160	51.6146	29.0373	NaN	NaN
20-Feb-2025 15:00:01	31.7040	3.1578	NaN	1.0010	1.0090	51.6250	29.0808	NaN	NaN
20-Feb-2025 15:15:00	31.7410	3.1542	NaN	0.9990	1.0060	51.6354	29.1086	NaN	NaN
20-Feb-2025 15:30:01	31.6391	3.3495	NaN	0.9910	0.9990	51.6458	29.1832	NaN	NaN
20-Feb-2025 15:45:01	31.6875	3.4532	NaN	0.9770	0.9850	51.6563	29.3085	NaN	NaN
20-Feb-2025 16:00:00	31.7020	3.4137	NaN	0.9600	0.9680	51.6667	29.2883	NaN	NaN
20-Feb-2025 16:15:01	31.6393	3.3872	NaN	0.9490	0.9560	51.6771	29.2142	NaN	NaN
20-Feb-2025 16:30:01	31.6476	3.3461	NaN	0.9260	0.9330	51.6875	29.1875	NaN	NaN
20-Feb-2025 16:45:00	31.5886	3.2095	NaN	0.9140	0.9210	51.6979	29.0269	NaN	NaN
20-Feb-2025 17:00:01	31.5639	3.2587	NaN	0.8990	0.9060	51.7083	29.0464	NaN	NaN
20-Feb-2025 17:15:01	31.5046	3.0053	NaN	0.8790	0.8860	51.7188	28.7912	NaN	NaN
20-Feb-2025 17:30:00	31.5615	3.0573	NaN	0.8690	0.8760	51.7292	28.8806	NaN	NaN
20-Feb-2025 17:45:01	31.5006	3.1629	NaN	0.8580	0.8650	51.7396	28.9158	NaN	NaN
20-Feb-2025 18:00:01	31.4073	2.8558	NaN	0.8460	0.8530	51.7500	28.5899	NaN	NaN
20-Feb-2025 18:15:00	31.3198	2.7751	NaN	0.8330	0.8390	51.7604	28.4527	NaN	NaN
20-Feb-2025 18:30:01	31.2769	2.8073	NaN	0.8230	0.8300	51.7708	28.4432	NaN	NaN
20-Feb-2025 18:45:01	31.2662	2.5445	NaN	0.8120	0.8180	51.7813	28.2234	NaN	NaN
20-Feb-2025 19:00:00	31.1846	2.3422	NaN	0.7940	0.8000	51.7917	27.9951	NaN	NaN
20-Feb-2025 19:15:01	31.1337	2.3714	NaN	0.7900	0.7970	51.8021	27.9769	NaN	NaN
20-Feb-2025 19:30:01	31.1639	2.4083	NaN	0.7810	0.7870	51.8125	28.0309	NaN	NaN
20-Feb-2025 19:45:00	31.2036	2.3586	NaN	0.7710	0.7770	51.8229	28.0236	NaN	NaN
20-Feb-2025 20:00:01	31.2517	2.1085	NaN	0.7630	0.7690	51.8333	27.8631	NaN	NaN
20-Feb-2025 20:15:01	31.1379	2.0216	NaN	0.7590	0.7650	51.8438	27.7019	NaN	NaN
20-Feb-2025 20:30:00	31.1164	2.0441	NaN	0.7560	0.7620	51.8542	27.7024	NaN	NaN
20-Feb-2025 20:45:01	31.0087	2.0840	NaN	0.7560	0.7620	51.8646	27.6470	NaN	NaN
20-Feb-2025 21:00:01	30.8403	2.0816	NaN	0.7560	0.7620	51.8750	27.5087	NaN	NaN
20-Feb-2025 21:15:00	30.8169	2.1154	NaN	0.7510	0.7570	51.8854	27.5164	NaN	NaN
20-Feb-2025 21:30:01	30.8850	2.1118	NaN	0.7600	0.7660	51.8958	27.5688	NaN	NaN
20-Feb-2025 21:45:01	30.9565	2.2238	NaN	0.7650	0.7710	51.9063	27.7153	NaN	NaN
20-Feb-2025 22:00:00	30.9852	2.2038	NaN	0.7750	0.7810	51.9167	27.7228	NaN	NaN
20-Feb-2025 22:15:01	30.9878	2.1771	NaN	0.7850	0.7910	51.9271	27.7037	NaN	NaN
20-Feb-2025 22:30:01	31.0556	1.9055	NaN	0.7910	0.7980	51.9375	27.5435	NaN	NaN
20-Feb-2025 22:45:00	30.8381	1.8110	NaN	0.8110	0.8170	51.9479	27.2940	NaN	NaN
20-Feb-2025 23:00:01	30.5582	1.9243	NaN	0.8260	0.8320	51.9583	27.1573	NaN	NaN
20-Feb-2025 23:15:01	30.8326	1.9184	NaN	0.8460	0.8530	51.9688	27.3741	NaN	NaN
20-Feb-2025 23:30:00	30.8118	1.8065	NaN	0.8640	0.8700	51.9792	27.2693	NaN	NaN
20-Feb-2025 23:45:01	30.6859	1.7844	NaN	0.8800	0.8870	51.9896	27.1509	NaN	NaN